genomestart  57
trait 1 0.1 0.0 0.0 0.0 0.0 0.0 0.0 0.0 
trait 2 0.2 0.0 0.0 0.0 0.0 0.0 0.0 0.0 
trait 3 1.199151331198746 0.0 0.0 0.0 0.20841105937580062 0.0 0.0 0.30695160929369625 
node 1 3 1 1
node 2 1 1 1
node 3 3 1 3
node 4 1 0 2
node 27 1 0 0
gene  1 1 4 -8.154642312436193 0 1.0 -8.154642312436193 1
gene  2 2 4 -5.253162453021162 0 2.0 -5.253162453021162 1
gene  3 3 4 -14.628756335638997 0 3.0 -14.628756335638997 1
gene  3 1 27 6.517850148769393 0 80.0 6.517850148769393 1
gene  1 27 4 23.1677899906808 0 81.0 23.1677899906808 1
gene  2 3 27 -2.436576699554871 0 109.0 -2.436576699554871 1
gene  2 2 27 5.474233251841276 0 113.0 5.474233251841276 1
genomeend 57
