genomestart  73
trait 1 0.24752282297412978 0.0 0.0 0.6748884887868558 0.025071082154728298 0.004405795074528471 0.25232841527737 0.4736968391097336 
trait 2 0.2 0.0 0.0 0.0 0.0 0.0 0.0 0.0 
trait 3 0.34758106760543034 0.0 0.0 0.0 0.0 0.10121239988747802 0.08647148072088728 0.07346983059337467 
node 1 1 1 1
node 2 1 1 1
node 3 3 1 3
node 4 1 0 2
node 12 1 0 0
node 37 1 0 0
node 45 1 0 0
node 63 2 0 0
node 77 1 0 0
node 163 1 0 0
node 171 1 0 0
gene  1 1 4 -0.014516696235360893 0 1.0 -0.014516696235360893 0
gene  2 2 4 -0.9275794851835171 0 2.0 -0.9275794851835171 1
gene  3 3 4 -0.34907760407807054 0 3.0 -0.34907760407807054 1
gene  1 1 12 6.121413632539818 0 21.0 6.121413632539818 1
gene  1 12 4 2.2628651368172634 0 22.0 2.2628651368172634 1
gene  3 2 12 7.6703896047350035 0 36.0 7.6703896047350035 1
gene  1 3 12 -5.279178250580574 0 86.0 -5.279178250580574 1
gene  1 1 37 -3.170064344872126 0 117.0 -3.170064344872126 1
gene  1 37 4 -13.002817980214878 0 118.0 -13.002817980214878 1
gene  1 1 45 5.889556878058433 0 170.0 5.889556878058433 0
gene  1 45 4 -8.413986844289635 0 171.0 -8.413986844289635 1
gene  1 2 45 0.9057602784367682 0 184.0 0.9057602784367682 1
gene  3 37 45 -7.522564110750951 0 229.0 -7.522564110750951 1
gene  1 1 63 -10.775090751140462 0 264.0 -10.775090751140462 1
gene  1 63 4 7.774019730371073 0 265.0 7.774019730371073 1
gene  3 12 63 2.740207149505569 0 294.0 2.740207149505569 1
gene  1 1 77 0.20590744092201702 0 338.0 0.20590744092201702 1
gene  1 77 45 -5.19382353476181 0 339.0 -5.19382353476181 1
gene  3 12 45 1.9511322422701596 0 706.0 1.9511322422701596 1
gene  1 2 163 4.301069541694094 0 726.0 4.301069541694094 1
gene  1 163 45 1.9575393794347271 0 727.0 1.9575393794347271 1
gene  1 45 171 -1.5435953812505268 0 749.0 -1.5435953812505268 1
gene  1 171 4 1.186842067830792 0 750.0 1.186842067830792 1
gene  2 2 63 2.2118714127844887 0 880.0 2.2118714127844887 1
genomeend 73
