genomestart  18
trait 1 0.1 0.0 0.0 0.0 0.0 0.0 0.0 0.0 
trait 2 0.2 0.0 0.0 0.0 0.0 0.0 0.0 0.0 
trait 3 1.151261093921767 0.0 0.3757904518075883 0.5931851759569372 0.20136119511435402 0.0 0.0 0.09193199983138745 
node 1 3 1 1
node 2 1 1 1
node 3 3 1 3
node 4 1 0 2
node 27 1 0 0
gene  1 1 4 -12.78067176169685 0 1.0 -12.78067176169685 1
gene  2 2 4 -10.358689202425891 0 2.0 -10.358689202425891 1
gene  3 3 4 -8.04258304006398 0 3.0 -8.04258304006398 1
gene  3 1 27 7.704911510818141 0 80.0 7.704911510818141 1
gene  1 27 4 23.852865371587633 0 81.0 23.852865371587633 1
gene  3 3 27 -2.685972683841666 0 109.0 -2.685972683841666 1
gene  2 2 27 5.672910885256496 0 113.0 5.672910885256496 1
genomeend 18
