genomestart  39
trait 1 0.05690637560727929 0.0 0.0 0.6901981866966608 0.8022746289513055 0.04609093525261569 9.468887663110683E-4 0.0 
trait 2 0.2 0.0 0.0 0.0 0.0 0.0 0.0 0.0 
trait 3 0.3459898992173307 0.0 0.0 0.0 0.0 0.09782773495057207 0.08357976993086841 0.07101291069219386 
node 1 1 1 1
node 2 1 1 1
node 3 1 1 3
node 4 1 0 2
node 12 1 0 0
gene  1 1 4 -3.8869617357357544 0 1.0 -3.8869617357357544 1
gene  2 2 4 -2.4127144022999665 0 2.0 -2.4127144022999665 1
gene  3 3 4 -5.606815006888042 0 3.0 -5.606815006888042 1
gene  1 1 12 1.888630466484682 0 21.0 1.888630466484682 1
gene  1 12 4 10.482967058747883 0 22.0 10.482967058747883 1
gene  3 2 12 7.860894135511196 0 36.0 7.860894135511196 1
genomeend 39
