genomestart  34
trait 1 0.1 0.0 0.0 0.0 0.0 0.0 0.0 0.0 
trait 2 0.2 0.0 0.0 0.0 0.0 0.0 0.0 0.0 
trait 3 1.199151331198746 0.0 0.0 0.0 0.20841105937580062 0.0 0.0 0.30695160929369625 
node 1 3 1 1
node 2 1 1 1
node 3 3 1 3
node 4 1 0 2
node 27 1 0 0
gene  1 1 4 -5.86126800811965 0 1.0 -5.86126800811965 1
gene  2 2 4 -9.24840109119555 0 2.0 -9.24840109119555 1
gene  3 3 4 -10.489568676714596 0 3.0 -10.489568676714596 1
gene  3 1 27 7.166074584681167 0 80.0 7.166074584681167 1
gene  1 27 4 21.578390105072913 0 81.0 21.578390105072913 1
gene  2 3 27 -2.3226517539041693 0 109.0 -2.3226517539041693 1
gene  2 2 27 7.495241434012719 0 113.0 7.495241434012719 1
genomeend 34
