genomestart  64
trait 1 0.25367174063112496 0.06792372724096563 0.0 0.19276547629324284 0.0 0.048750027671035825 0.001001516964367476 0.0 
trait 2 0.2 0.0 0.3346577519059606 0.0 0.0 0.0 0.9028370149050807 0.0 
trait 3 0.013246439942365629 0.0 0.0 0.0 0.0 0.10132158262737821 0.0865647617141137 0.07354908607405791 
node 1 1 1 1
node 2 3 1 1
node 3 1 1 3
node 4 3 0 2
node 12 2 0 0
node 37 1 0 0
gene  1 1 4 -0.6350884507835608 0 1.0 -0.6350884507835608 1
gene  2 2 4 -1.7603536867761655 0 2.0 -1.7603536867761655 1
gene  3 3 4 1.9943816850114704 0 3.0 1.9943816850114704 1
gene  1 1 12 0.2779504133833485 0 21.0 0.2779504133833485 1
gene  1 12 4 -1.8597066676473677 0 22.0 -1.8597066676473677 1
gene  3 2 12 1.7595446856413473 0 36.0 1.7595446856413473 1
gene  1 3 12 -3.471948941108667 0 86.0 -3.471948941108667 1
gene  3 1 37 -8.772445962819122 0 117.0 -8.772445962819122 1
gene  1 37 4 -7.665292003130232 0 118.0 -7.665292003130232 1
gene  1 37 12 -0.8030260001704908 0 193.0 -0.8030260001704908 1
gene  1 2 37 -1.2179455076336616 0 259.0 -1.2179455076336616 1
genomeend 64
