genomestart  46
trait 1 0.1 0.0 0.0 0.0 0.0 0.0 0.0 0.0 
trait 2 0.2 0.0 0.0 0.0 0.0 0.0 0.0 0.0 
trait 3 1.199151331198746 0.0 0.0 0.0 0.20841105937580062 0.0 0.0 0.30695160929369625 
node 1 3 1 1
node 2 1 1 1
node 3 1 1 3
node 4 1 0 2
node 27 1 0 0
gene  1 1 4 -6.16762033813936 0 1.0 -6.16762033813936 1
gene  2 2 4 -5.668288290513954 0 2.0 -5.668288290513954 1
gene  3 3 4 -11.338199162894309 0 3.0 -11.338199162894309 1
gene  3 1 27 8.541255100544209 0 80.0 8.541255100544209 1
gene  1 27 4 22.98334736383689 0 81.0 22.98334736383689 1
gene  2 3 27 -1.4157080880099457 0 109.0 -1.4157080880099457 1
gene  2 2 27 8.929448072540817 0 113.0 8.929448072540817 1
genomeend 46
