genomestart  54
trait 1 0.1 0.0 0.0 0.0 0.0 0.0 0.0 0.0 
trait 2 0.2 0.0 0.0 0.0 0.0 0.0 0.0 0.0 
trait 3 1.199151331198746 0.0 0.0 0.0 0.20841105937580062 0.0 0.0 0.30695160929369625 
node 1 3 1 1
node 2 1 1 1
node 3 1 1 3
node 4 1 0 2
node 27 3 0 0
gene  1 1 4 -3.265439111061125 0 1.0 -3.265439111061125 1
gene  2 2 4 -6.451821744416914 0 2.0 -6.451821744416914 1
gene  3 3 4 -12.530792566865607 0 3.0 -12.530792566865607 1
gene  3 1 27 5.278151116499615 0 80.0 5.278151116499615 1
gene  1 27 4 19.57138442170611 0 81.0 19.57138442170611 1
gene  2 3 27 -0.7786994188315608 0 109.0 -0.7786994188315608 1
gene  2 2 27 4.78028176067132 0 113.0 4.78028176067132 1
genomeend 54
