genomestart  19
trait 1 0.1 0.0 0.0 0.0 0.0 0.0 0.0 0.0 
trait 2 0.2 0.0 0.0 0.0 0.0 0.0 0.0 0.0 
trait 3 1.199151331198746 0.0 0.0 0.0 0.20841105937580062 0.0 0.0 0.30695160929369625 
node 1 3 1 1
node 2 1 1 1
node 3 3 1 3
node 4 1 0 2
node 27 1 0 0
gene  1 1 4 -13.478410425081535 0 1.0 -13.478410425081535 1
gene  2 2 4 -12.51561772988265 0 2.0 -12.51561772988265 1
gene  3 3 4 -7.51215483203883 0 3.0 -7.51215483203883 1
gene  3 1 27 6.285246225125558 0 80.0 6.285246225125558 1
gene  1 27 4 21.620277014275924 0 81.0 21.620277014275924 1
gene  2 3 27 -1.3561957660477435 0 109.0 -1.3561957660477435 1
gene  2 2 27 4.642869216552439 0 113.0 4.642869216552439 1
genomeend 19
