genomestart  37
trait 1 0.1 0.0 0.0 0.0 0.0 0.0 0.0 0.0 
trait 2 0.2 0.0 0.0 0.0 0.0 0.0 0.0 0.0 
trait 3 1.199151331198746 0.0 0.0 0.0 0.20841105937580062 0.0 0.0 0.30695160929369625 
node 1 3 1 1
node 2 1 1 1
node 3 3 1 3
node 4 1 0 2
node 27 1 0 0
gene  1 1 4 -7.4330096927473654 0 1.0 -7.4330096927473654 1
gene  2 2 4 -6.213829224028262 0 2.0 -6.213829224028262 1
gene  3 3 4 -12.058353371873498 0 3.0 -12.058353371873498 1
gene  3 1 27 4.720481450464802 0 80.0 4.720481450464802 1
gene  1 27 4 22.997326791855194 0 81.0 22.997326791855194 1
gene  3 3 27 -1.0383702868912907 0 109.0 -1.0383702868912907 1
gene  2 2 27 8.420925292351875 0 113.0 8.420925292351875 1
genomeend 37
