genomestart  18
trait 1 0.13758880872216217 0.0 0.0 0.0 0.0 0.0 0.0 0.23261439317019972 
trait 2 0.28584644030129075 0.2177678020902366 0.5832264568680608 0.796866821784067 0.0 0.0 0.7883933915082119 0.5811723472787429 
trait 3 0.6647931693886189 0.0 0.0 0.11609151232060977 0.0 0.1999730630644102 0.018335650124731706 0.0 
node 1 2 1 1
node 2 2 1 1
node 3 1 1 3
node 4 2 0 2
node 17 1 0 0
node 59 1 0 0
gene  3 1 4 -5.9816028796928755 0 1.0 -5.9816028796928755 1
gene  3 2 4 -5.68284120742215 0 2.0 -5.68284120742215 1
gene  3 3 4 -12.18726693092372 0 3.0 -12.18726693092372 1
gene  2 1 17 5.413569947208388 0 38.0 5.413569947208388 1
gene  3 17 4 19.032326903467922 0 39.0 19.032326903467922 1
gene  3 2 17 18.888928071128948 0 175.0 18.888928071128948 1
gene  2 2 59 -5.827415594051747 0 244.0 -5.827415594051747 1
gene  1 59 4 -0.044167835661059085 0 245.0 -0.044167835661059085 1
gene  1 1 59 -1.119151328759463 0 850.0 -1.119151328759463 1
gene  2 59 17 -9.63409812514452 0 1196.0 -9.63409812514452 1
genomeend 18
