genomestart  35
trait 1 0.1 0.0 0.0 0.0 0.0 0.0 0.0 0.0 
trait 2 0.2 0.0 0.0 0.0 0.0 0.0 0.0 0.0 
trait 3 1.199151331198746 0.0 0.0 0.0 0.20841105937580062 0.0 0.0 0.30695160929369625 
node 1 3 1 1
node 2 1 1 1
node 3 3 1 3
node 4 1 0 2
node 27 1 0 0
gene  1 1 4 -4.011224696517456 0 1.0 -4.011224696517456 1
gene  2 2 4 -12.34693955189278 0 2.0 -12.34693955189278 1
gene  3 3 4 -7.485812718461869 0 3.0 -7.485812718461869 1
gene  3 1 27 3.3720154890916145 0 80.0 3.3720154890916145 1
gene  1 27 4 22.367281412150533 0 81.0 22.367281412150533 1
gene  2 3 27 -1.2906816458307055 0 109.0 -1.2906816458307055 1
gene  2 2 27 5.257398739992691 0 113.0 5.257398739992691 1
genomeend 35
