genomestart  17
trait 1 0.1 0.0 0.0 0.0 0.0 0.0 0.0 0.0 
trait 2 0.2 0.0 0.0 0.0 0.0 0.0 0.0 0.0 
trait 3 1.151261093921767 0.0 0.3757904518075883 0.5931851759569372 0.20136119511435402 0.0 0.0 0.09193199983138745 
node 1 3 1 1
node 2 1 1 1
node 3 3 1 3
node 4 1 0 2
node 27 1 0 0
gene  1 1 4 -10.245773982529332 0 1.0 -10.245773982529332 1
gene  2 2 4 -12.598770111525798 0 2.0 -12.598770111525798 1
gene  3 3 4 -6.771354310064494 0 3.0 -6.771354310064494 1
gene  3 1 27 6.731092654886878 0 80.0 6.731092654886878 1
gene  1 27 4 24.848020964052075 0 81.0 24.848020964052075 1
gene  2 3 27 -3.1731755365901755 0 109.0 -3.1731755365901755 1
gene  2 2 27 7.163582611199795 0 113.0 7.163582611199795 1
genomeend 17
