genomestart  46
trait 1 0.1 0.0 0.0 0.0 0.0 0.0 0.0 0.0 
trait 2 0.2 0.0 0.0 0.0 0.0 0.0 0.0 0.0 
trait 3 1.199151331198746 0.0 0.0 0.0 0.20841105937580062 0.0 0.0 0.30695160929369625 
node 1 3 1 1
node 2 1 1 1
node 3 3 1 3
node 4 1 0 2
node 27 1 0 0
gene  1 1 4 -10.18019470245326 0 1.0 -10.18019470245326 1
gene  2 2 4 -7.7861418230421195 0 2.0 -7.7861418230421195 1
gene  3 3 4 -7.3940637045948545 0 3.0 -7.3940637045948545 1
gene  3 1 27 8.503463492120495 0 80.0 8.503463492120495 1
gene  1 27 4 24.250733707923715 0 81.0 24.250733707923715 1
gene  2 3 27 -3.2357626724895274 0 109.0 -3.2357626724895274 1
gene  2 2 27 9.201579439656953 0 113.0 9.201579439656953 1
genomeend 46
