genomestart  63
trait 1 0.1 0.0 0.0 0.0 0.0 0.0 0.0 0.0 
trait 2 0.2 0.0 0.0 0.0 0.0 0.0 0.0 0.0 
trait 3 0.9774896173313197 0.0 0.0 0.0 0.0 0.0 0.0 0.30695160929369625 
node 1 3 1 1
node 2 1 1 1
node 3 1 1 3
node 4 1 0 2
node 27 1 0 0
gene  1 1 4 -5.64237702702342 0 1.0 -5.64237702702342 1
gene  2 2 4 -4.485455936128904 0 2.0 -4.485455936128904 1
gene  3 3 4 -11.17305783198936 0 3.0 -11.17305783198936 1
gene  3 1 27 4.245499229406432 0 80.0 4.245499229406432 1
gene  1 27 4 21.133803058327665 0 81.0 21.133803058327665 1
gene  2 3 27 -2.6546473103021606 0 109.0 -2.6546473103021606 1
gene  2 2 27 5.7100094687836505 0 113.0 5.7100094687836505 1
genomeend 63
