genomestart  15
trait 1 0.1 0.0 0.0 0.0 0.0 0.0 0.0 0.0 
trait 2 0.2 0.0 0.0 0.0 0.0 0.0 0.0 0.0 
trait 3 1.151261093921767 0.0 0.3757904518075883 0.5931851759569372 0.20136119511435402 0.0 0.0 0.09193199983138745 
node 1 3 1 1
node 2 1 1 1
node 3 3 1 3
node 4 1 0 2
node 27 3 0 0
gene  1 1 4 -11.310213936444601 0 1.0 -11.310213936444601 1
gene  2 2 4 -10.639151363432328 0 2.0 -10.639151363432328 1
gene  3 3 4 -7.8763639317803085 0 3.0 -7.8763639317803085 1
gene  3 1 27 9.02004063227903 0 80.0 9.02004063227903 1
gene  1 27 4 23.086758041075488 0 81.0 23.086758041075488 1
gene  2 3 27 -4.691680519055393 0 109.0 -4.691680519055393 1
gene  2 2 27 5.737510943950537 0 113.0 5.737510943950537 1
genomeend 15
