genomestart  100
trait 1 0.0 0.4164991608900766 0.0 0.024130898090710368 0.0 0.0 0.0 0.0 
trait 2 0.24344716250459295 0.0 0.0 0.5136909437064322 0.0 0.23038413510262534 0.0 0.0 
trait 3 0.3 0.019853236171330516 0.4501264478379223 0.0 0.0 0.6568022356739168 0.028566163676391813 0.41597304963488424 
node 1 3 1 1
node 2 2 1 1
node 3 1 1 3
node 4 1 0 2
node 7 1 0 0
node 37 2 0 0
node 81 1 0 0
gene  1 1 4 -2.924698779052784 0 1.0 -2.924698779052784 0
gene  2 2 4 -3.0845038835405623 0 2.0 -3.0845038835405623 1
gene  1 3 4 -5.482585772416083 0 3.0 -5.482585772416083 1
gene  2 1 7 12.679260284005869 0 8.0 12.679260284005869 1
gene  1 7 4 12.226571256510585 0 9.0 12.226571256510585 1
gene  2 2 7 3.3374472895332215 0 12.0 3.3374472895332215 1
gene  1 1 37 2.065205531035581 0 117.0 2.065205531035581 1
gene  1 37 4 2.1068575023849547 0 118.0 2.1068575023849547 1
gene  2 3 37 -5.487865167094842 0 190.0 -5.487865167094842 1
gene  3 7 37 -2.0925568459504307 0 250.0 -2.0925568459504307 1
gene  1 1 81 5.95910307942602 0 354.0 5.95910307942602 1
gene  1 81 4 -5.420214864676565 0 355.0 -5.420214864676565 1
gene  2 3 7 -2.478222988585461 0 377.0 -2.478222988585461 1
gene  3 2 37 -4.388478694426057 0 407.0 -4.388478694426057 1
gene  2 37 81 8.50267837231052 0 531.0 8.50267837231052 1
genomeend 100
