genomestart  89
trait 1 0.25367174063112496 0.06792372724096563 0.0 0.19276547629324284 0.0 0.048750027671035825 0.001001516964367476 0.0 
trait 2 0.2 0.0 0.0 0.0 0.0 0.0 0.0 0.0 
trait 3 0.3476323956179497 0.0 0.0 0.0 0.0 0.10132158262737821 0.0865647617141137 0.07354908607405791 
node 1 1 1 1
node 2 1 1 1
node 3 1 1 3
node 4 1 0 2
node 12 1 0 0
node 37 1 0 0
gene  1 1 4 -0.7431287982502695 0 1.0 -0.7431287982502695 1
gene  2 2 4 -0.7252048790895929 0 2.0 -0.7252048790895929 1
gene  3 3 4 -1.4205840892177752 0 3.0 -1.4205840892177752 1
gene  1 1 12 4.6907153684490455 0 21.0 4.6907153684490455 1
gene  1 12 4 2.1863816931768896 0 22.0 2.1863816931768896 1
gene  3 2 12 6.040896999825048 0 36.0 6.040896999825048 1
gene  1 3 12 -2.19243335802728 0 86.0 -2.19243335802728 1
gene  1 1 37 -2.3958454967691005 0 117.0 -2.3958454967691005 1
gene  1 37 4 0.486873156896834 0 118.0 0.486873156896834 1
genomeend 89
