genomestart  112
trait 1 0.0 0.0 0.0 0.0 0.055398074479255544 0.0 0.3568575379219483 0.12192827250494745 
trait 2 0.17500000000000002 0.03353619471315164 0.0 0.36626530219910236 0.05845915468876921 0.0 0.0 0.0 
trait 3 0.3 0.0 0.0 0.0 0.0 0.0 0.0 0.0 
node 1 2 1 1
node 2 2 1 1
node 3 1 1 3
node 4 1 0 2
node 7 1 0 0
node 14 3 0 0
node 17 2 0 0
node 28 1 0 0
node 44 1 0 0
node 47 3 0 0
node 58 1 0 0
node 145 1 0 0
node 193 1 0 0
gene  1 1 4 -2.2750407931702123 0 1.0 -2.2750407931702123 1
gene  2 2 4 2.843511753504001 0 2.0 2.843511753504001 1
gene  3 3 4 -0.13291885601247966 0 3.0 -0.13291885601247966 1
gene  1 1 7 0.1042360278426313 0 8.0 0.1042360278426313 0
gene  1 7 4 7.351812990898283 0 9.0 7.351812990898283 1
gene  1 1 14 -0.6425579396972805 0 27.0 -0.6425579396972805 1
gene  1 14 4 -0.9081572995913794 0 28.0 -0.9081572995913794 1
gene  2 2 17 5.0844894557698455 0 37.0 5.0844894557698455 1
gene  2 17 4 3.593057487655443 0 38.0 3.593057487655443 1
gene  2 1 17 5.379878347844833 0 54.0 5.379878347844833 1
gene  2 1 28 3.7172931079234672 0 78.0 3.7172931079234672 1
gene  1 28 7 -6.077713142033356 0 79.0 -6.077713142033356 1
gene  1 7 44 1.0962808508680764 0 138.0 1.0962808508680764 1
gene  1 44 4 6.286579701644636 0 139.0 6.286579701644636 1
gene  1 1 47 -2.6526837877141847 0 151.0 -2.6526837877141847 1
gene  1 47 7 2.4159741599391205 0 152.0 2.4159741599391205 1
gene  2 1 58 2.730283048780289 0 221.0 2.730283048780289 1
gene  2 58 17 -1.7003938627242752 0 222.0 -1.7003938627242752 1
gene  2 47 58 -3.5983513000651364 0 279.0 -3.5983513000651364 1
gene  2 2 28 -15.322101597872315 0 339.0 -15.322101597872315 1
gene  2 2 145 5.53380010529739 0 633.0 5.53380010529739 1
gene  2 145 4 -10.443904323177078 0 634.0 -10.443904323177078 1
gene  3 1 44 5.067019755981037 0 728.0 5.067019755981037 1
gene  3 14 58 5.506515534355021 0 783.0 5.506515534355021 1
gene  1 1 193 1.0 0 849.0 1.0 1
gene  1 193 7 -1.2112429736309902 0 850.0 -1.2112429736309902 1
genomeend 112
