genomestart  31
trait 1 0.1 0.0 0.0 0.0 0.0 0.0 0.0 0.0 
trait 2 0.2 0.0 0.0 0.0 0.0 0.0 0.0 0.0 
trait 3 1.199151331198746 0.0 0.0 0.0 0.20841105937580062 0.0 0.0 0.30695160929369625 
node 1 3 1 1
node 2 1 1 1
node 3 3 1 3
node 4 1 0 2
node 27 1 0 0
gene  1 1 4 -6.464327153107131 0 1.0 -6.464327153107131 1
gene  2 2 4 -6.003797008014297 0 2.0 -6.003797008014297 1
gene  3 3 4 -9.865330826011906 0 3.0 -9.865330826011906 1
gene  3 1 27 7.857770969539277 0 80.0 7.857770969539277 1
gene  1 27 4 21.515849335900523 0 81.0 21.515849335900523 1
gene  2 3 27 -3.3656407883200563 0 109.0 -3.3656407883200563 1
gene  2 2 27 8.393762448894899 0 113.0 8.393762448894899 1
genomeend 31
