genomestart  48
trait 1 0.1 0.0 0.0 0.0 0.0 0.0 0.0 0.0 
trait 2 0.2 0.0 0.0 0.0 0.0 0.0 0.0 0.0 
trait 3 1.199151331198746 0.0 0.0 0.0 0.20841105937580062 0.0 0.0 0.30695160929369625 
node 1 3 1 1
node 2 1 1 1
node 3 3 1 3
node 4 1 0 2
node 27 1 0 0
gene  1 1 4 -6.080872412195433 0 1.0 -6.080872412195433 1
gene  2 2 4 -6.561025834375297 0 2.0 -6.561025834375297 1
gene  3 3 4 -12.337795807702133 0 3.0 -12.337795807702133 1
gene  1 1 27 9.63694013883253 0 80.0 9.63694013883253 1
gene  1 27 4 21.176552314157753 0 81.0 21.176552314157753 1
gene  2 3 27 -3.427645068427927 0 109.0 -3.427645068427927 1
gene  2 2 27 6.081271055464852 0 113.0 6.081271055464852 1
genomeend 48
