genomestart  46
trait 1 0.1 0.0 0.0 0.0 0.0 0.0 0.0 0.0 
trait 2 0.2 0.0 0.0 0.0 0.0 0.0 0.0 0.0 
trait 3 0.9906426405483666 0.0 0.0 0.0 0.0 0.9609433237283803 0.0 0.0 
node 1 1 1 1
node 2 1 1 1
node 3 1 1 3
node 4 1 0 2
node 18 1 0 0
gene  1 1 4 -0.8728259470819624 0 1.0 -0.8728259470819624 1
gene  1 2 4 4.499503167694696 0 2.0 4.499503167694696 1
gene  3 3 4 -4.0590443534368665 0 3.0 -4.0590443534368665 1
gene  2 2 18 -1.2821558894979037 0 44.0 -1.2821558894979037 1
gene  2 18 4 6.803361063664539 0 45.0 6.803361063664539 1
gene  2 1 18 1.2250162259819821 0 97.0 1.2250162259819821 1
gene  3 3 18 -0.6403064369977669 0 153.0 -0.6403064369977669 1
genomeend 46
