genomestart  12
trait 1 0.0 0.0996959996336042 0.0 0.0 0.0 0.17980252092901416 0.0 0.0 
trait 2 0.2 0.0 0.0 0.0 0.0 0.0 0.0 0.0 
trait 3 0.3 0.0 0.0 0.8153466414577913 0.0 0.0 0.0 0.16360210646758178 
node 1 2 1 1
node 2 2 1 1
node 3 1 1 3
node 4 1 0 2
node 7 2 0 0
node 14 1 0 0
node 17 1 0 0
node 28 1 0 0
gene  1 1 4 -2.4064966156206604 0 1.0 -2.4064966156206604 1
gene  2 2 4 -4.506473043854021 0 2.0 -4.506473043854021 1
gene  3 3 4 -4.454286460594943 0 3.0 -4.454286460594943 1
gene  1 1 7 -2.3535261740176727 0 8.0 -2.3535261740176727 0
gene  1 7 4 9.681460781110879 0 9.0 9.681460781110879 1
gene  2 1 14 -1.6952547907880655 0 27.0 -1.6952547907880655 1
gene  1 14 4 3.1866909633062317 0 28.0 3.1866909633062317 1
gene  2 2 17 -2.7761202176456283 0 37.0 -2.7761202176456283 1
gene  2 17 4 4.0432272375078355 0 38.0 4.0432272375078355 1
gene  2 1 17 -0.751477318630685 0 54.0 -0.751477318630685 1
gene  3 1 28 0.5225034511642144 0 78.0 0.5225034511642144 1
gene  1 28 7 3.3463613564081993 0 79.0 3.3463613564081993 1
gene  3 17 7 -9.930042946402299 0 148.0 -9.930042946402299 1
genomeend 12
