genomestart  41
trait 1 0.1 0.0 0.0 0.0 0.0 0.0 0.0 0.0 
trait 2 0.2 0.0 0.0 0.0 0.0 0.0 0.0 0.0 
trait 3 1.199151331198746 0.0 0.0 0.0 0.20841105937580062 0.0 0.0 0.30695160929369625 
node 1 3 1 1
node 2 1 1 1
node 3 3 1 3
node 4 1 0 2
node 27 1 0 0
gene  1 1 4 -8.251126651253891 0 1.0 -8.251126651253891 1
gene  2 2 4 -8.567094833715142 0 2.0 -8.567094833715142 1
gene  3 3 4 -12.00185601913961 0 3.0 -12.00185601913961 1
gene  3 1 27 9.07389840060744 0 80.0 9.07389840060744 1
gene  1 27 4 23.439681182454468 0 81.0 23.439681182454468 1
gene  2 3 27 -3.3330202233233313 0 109.0 -3.3330202233233313 1
gene  2 2 27 9.392656698181735 0 113.0 9.392656698181735 1
genomeend 41
