genomestart  57
trait 1 0.1 0.0 0.0 0.0 0.0 0.0 0.0 0.0 
trait 2 0.2 0.0 0.0 0.0 0.0 0.0 0.0 0.0 
trait 3 1.4208130450661725 0.0 0.0 0.0 0.41682211875160124 0.0 0.0 0.30695160929369625 
node 1 3 1 1
node 2 1 1 1
node 3 1 1 3
node 4 1 0 2
node 27 1 0 0
gene  1 1 4 -4.305302479395967 0 1.0 -4.305302479395967 1
gene  2 2 4 -4.588540627614876 0 2.0 -4.588540627614876 1
gene  3 3 4 -11.828006614690105 0 3.0 -11.828006614690105 1
gene  3 1 27 4.595021240882036 0 80.0 4.595021240882036 1
gene  1 27 4 17.96512259510505 0 81.0 17.96512259510505 1
gene  2 3 27 -3.626924368675264 0 109.0 -3.626924368675264 1
gene  2 2 27 6.4713380440474975 0 113.0 6.4713380440474975 1
genomeend 57
