genomestart  15
trait 1 0.1 0.0 0.0 0.0 0.0 0.0 0.0 0.0 
trait 2 0.2 0.0 0.0 0.0 0.0 0.0 0.0 0.0 
trait 3 1.151261093921767 0.0 0.3757904518075883 0.5931851759569372 0.20136119511435402 0.0 0.0 0.09193199983138745 
node 1 3 1 1
node 2 1 1 1
node 3 3 1 3
node 4 1 0 2
node 27 1 0 0
gene  1 1 4 -11.84404113859089 0 1.0 -11.84404113859089 1
gene  2 2 4 -10.84431830514453 0 2.0 -10.84431830514453 1
gene  3 3 4 -6.220033474415269 0 3.0 -6.220033474415269 1
gene  3 1 27 9.84690434633052 0 80.0 9.84690434633052 1
gene  1 27 4 26.70296054242424 0 81.0 26.70296054242424 1
gene  2 3 27 -3.8552598668325015 0 109.0 -3.8552598668325015 1
gene  2 2 27 7.714231503666664 0 113.0 7.714231503666664 1
genomeend 15
