genomestart  38
trait 1 0.1 0.0 0.0 0.0 0.0 0.0 0.0 0.0 
trait 2 0.2 0.0 0.0 0.0 0.0 0.0 0.0 0.0 
trait 3 1.199151331198746 0.0 0.0 0.0 0.20841105937580062 0.0 0.0 0.30695160929369625 
node 1 3 1 1
node 2 1 1 1
node 3 1 1 3
node 4 1 0 2
node 27 1 0 0
gene  1 1 4 -3.9045208715113255 0 1.0 -3.9045208715113255 1
gene  2 2 4 -6.485062716521373 0 2.0 -6.485062716521373 1
gene  3 3 4 -12.159830661505291 0 3.0 -12.159830661505291 1
gene  3 1 27 5.286360592136036 0 80.0 5.286360592136036 1
gene  1 27 4 19.603806965175195 0 81.0 19.603806965175195 1
gene  2 3 27 -3.9567458081915925 0 109.0 -3.9567458081915925 1
gene  2 2 27 6.532812433451566 0 113.0 6.532812433451566 1
genomeend 38
