genomestart  33
trait 1 0.1 0.0 0.0 0.0 0.0 0.0 0.0 0.0 
trait 2 0.2 0.0 0.0 0.0 0.0 0.0 0.0 0.0 
trait 3 1.199151331198746 0.0 0.0 0.0 0.20841105937580062 0.0 0.0 0.30695160929369625 
node 1 3 1 1
node 2 1 1 1
node 3 3 1 3
node 4 1 0 2
node 27 1 0 0
gene  1 1 4 -7.646583240840098 0 1.0 -7.646583240840098 1
gene  2 2 4 -8.054222567733909 0 2.0 -8.054222567733909 1
gene  3 3 4 -7.806201329746571 0 3.0 -7.806201329746571 1
gene  3 1 27 7.654600363452389 0 80.0 7.654600363452389 1
gene  1 27 4 21.495042853478388 0 81.0 21.495042853478388 1
gene  2 3 27 -3.871068065349436 0 109.0 -3.871068065349436 1
gene  2 2 27 9.317214269604658 0 113.0 9.317214269604658 1
genomeend 33
