genomestart  38
trait 1 0.1 0.0 0.0 0.0 0.0 0.0 0.0 0.0 
trait 2 0.2 0.0 0.0 0.0 0.0 0.0 0.0 0.0 
trait 3 1.199151331198746 0.0 0.0 0.0 0.20841105937580062 0.0 0.0 0.30695160929369625 
node 1 3 1 1
node 2 1 1 1
node 3 3 1 3
node 4 1 0 2
node 27 1 0 0
gene  1 1 4 -7.529171315005025 0 1.0 -7.529171315005025 1
gene  2 2 4 -6.841076803949553 0 2.0 -6.841076803949553 1
gene  3 3 4 -9.90698083877031 0 3.0 -9.90698083877031 1
gene  3 1 27 9.353787610445043 0 80.0 9.353787610445043 1
gene  1 27 4 23.141376426753567 0 81.0 23.141376426753567 1
gene  2 3 27 -2.5046370871927657 0 109.0 -2.5046370871927657 1
gene  3 2 27 8.006020391432376 0 113.0 8.006020391432376 1
genomeend 38
