genomestart  15
trait 1 0.1 0.0 0.0 0.0 0.0 0.0 0.0 0.0 
trait 2 0.2 0.0 0.0 0.0 0.0 0.0 0.0 0.0 
trait 3 1.199151331198746 0.0 0.0 0.0 0.20841105937580062 0.0 0.0 0.30695160929369625 
node 1 3 1 1
node 2 1 1 1
node 3 3 1 3
node 4 1 0 2
node 27 1 0 0
gene  1 1 4 -9.685116943346134 0 1.0 -9.685116943346134 1
gene  2 2 4 -8.825526716220224 0 2.0 -8.825526716220224 1
gene  3 3 4 -10.261597417586902 0 3.0 -10.261597417586902 1
gene  3 1 27 7.4219723278932195 0 80.0 7.4219723278932195 1
gene  1 27 4 26.080948652541593 0 81.0 26.080948652541593 1
gene  2 3 27 -3.3085667192869126 0 109.0 -3.3085667192869126 1
gene  2 2 27 6.906775541972198 0 113.0 6.906775541972198 1
genomeend 15
