genomestart  169
trait 1 0.0 0.09101498754782988 1.1884728227178445 0.6492743348959318 2.1168378779791457 1.3000379766466557 1.4600515357934547 0.8076904131955408 
trait 2 0.2 0.0 0.0 0.9861512519124853 0.0 0.0 0.0 0.0 
trait 3 0.6376267350833316 0.170572472457022 0.8101470843395345 0.0 0.0 0.0 0.0 0.06629462485645231 
node 1 1 1 1
node 2 2 1 1
node 3 1 1 3
node 4 1 0 2
node 27 3 0 0
node 43 1 0 0
node 58 1 0 0
node 176 1 0 0
node 264 1 0 0
node 295 1 0 0
gene  1 1 4 -0.41103708327595423 0 1.0 -0.41103708327595423 1
gene  1 2 4 0.3847396919839677 0 2.0 0.3847396919839677 1
gene  3 3 4 -1.0660071159423332 0 3.0 -1.0660071159423332 1
gene  1 1 27 9.120572329457067 0 80.0 9.120572329457067 1
gene  1 27 4 -5.574794270146688 0 81.0 -5.574794270146688 0
gene  2 3 27 -0.7579533772268903 0 109.0 -0.7579533772268903 1
gene  2 2 27 0.7839449150085733 0 113.0 0.7839449150085733 1
gene  3 2 43 0.11724279601813059 0 157.0 0.11724279601813059 1
gene  2 43 4 5.661292447981636 0 158.0 5.661292447981636 1
gene  1 1 43 -0.9124374295692292 0 224.0 -0.9124374295692292 1
gene  3 1 58 -12.8645837065134 0 242.0 -12.8645837065134 1
gene  1 58 4 -6.001689579148804 0 243.0 -6.001689579148804 1
gene  1 58 43 0.18539009929857525 0 273.0 0.18539009929857525 1
gene  3 58 27 -0.21171054083766383 0 463.0 -0.21171054083766383 1
gene  1 1 176 -0.008725879277860282 0 764.0 -0.008725879277860282 1
gene  1 176 4 6.319956707668516 0 765.0 6.319956707668516 1
gene  3 43 27 -1.2388968919369043 0 847.0 -1.2388968919369043 1
gene  3 43 176 -4.647530677503669 0 1062.0 -4.647530677503669 1
gene  1 27 264 -1.4119393565108231 0 1160.0 -1.4119393565108231 1
gene  1 264 4 1.5342775727614102 0 1161.0 1.5342775727614102 1
gene  3 2 176 -0.524095835606365 0 1255.0 -0.524095835606365 1
gene  3 2 295 -2.949348763480052 0 1295.0 -2.949348763480052 1
gene  3 295 43 -0.8109621352851113 0 1296.0 -0.8109621352851113 1
genomeend 169
