genomestart  58
trait 1 0.25367174063112496 0.06792372724096563 0.0 0.19276547629324284 0.0 0.048750027671035825 0.001001516964367476 0.0 
trait 2 0.2 0.0 0.3346577519059606 0.0 0.0 0.0 0.9028370149050807 0.0 
trait 3 0.013246439942365629 0.0 0.0 0.0 0.0 0.10132158262737821 0.0865647617141137 0.07354908607405791 
node 1 1 1 1
node 2 3 1 1
node 3 1 1 3
node 4 3 0 2
node 12 2 0 0
node 37 1 0 0
node 134 1 0 0
gene  1 1 4 0.702584648979276 0 1.0 0.702584648979276 0
gene  2 2 4 -2.561748551848467 0 2.0 -2.561748551848467 1
gene  3 3 4 6.516153827759421 0 3.0 6.516153827759421 1
gene  1 1 12 2.4153352541434763 0 21.0 2.4153352541434763 1
gene  1 12 4 -3.1415624664866115 0 22.0 -3.1415624664866115 1
gene  3 2 12 0.9758120827624932 0 36.0 0.9758120827624932 1
gene  1 3 12 0.04470649970848095 0 86.0 0.04470649970848095 1
gene  3 1 37 -4.323551311655772 0 117.0 -4.323551311655772 1
gene  1 37 4 -11.380029405729747 0 118.0 -11.380029405729747 1
gene  1 37 12 -2.122888772090802 0 193.0 -2.122888772090802 1
gene  1 2 37 -1.2408351184004007 0 259.0 -1.2408351184004007 1
gene  1 1 134 1.859391904425798 0 602.0 1.859391904425798 1
gene  1 134 4 -2.5272437380446573 0 603.0 -2.5272437380446573 1
gene  1 134 12 -1.8632181832239647 0 640.0 -1.8632181832239647 1
genomeend 58
