genomestart  13
trait 1 0.1 0.0 0.0 0.0 0.0 0.0 0.0 0.0 
trait 2 0.2 0.0 0.0 0.0 0.0 0.0 0.0 0.0 
trait 3 1.151261093921767 0.0 0.3757904518075883 0.5931851759569372 0.20136119511435402 0.0 0.0 0.09193199983138745 
node 1 3 1 1
node 2 1 1 1
node 3 3 1 3
node 4 1 0 2
node 27 1 0 0
gene  1 1 4 -11.787230059107294 0 1.0 -11.787230059107294 1
gene  2 2 4 -10.931386514672315 0 2.0 -10.931386514672315 1
gene  3 3 4 -6.862039563267401 0 3.0 -6.862039563267401 1
gene  3 1 27 5.317273899646233 0 80.0 5.317273899646233 1
gene  1 27 4 26.85893988627507 0 81.0 26.85893988627507 1
gene  2 3 27 -4.704660972457146 0 109.0 -4.704660972457146 1
gene  2 2 27 5.287873590883846 0 113.0 5.287873590883846 1
genomeend 13
