genomestart  44
trait 1 0.1 0.0 0.0 0.0 0.0 0.0 0.0 0.0 
trait 2 0.2 0.0 0.0 0.0 0.0 0.0 0.0 0.0 
trait 3 1.199151331198746 0.0 0.0 0.0 0.20841105937580062 0.0 0.0 0.30695160929369625 
node 1 3 1 1
node 2 1 1 1
node 3 1 1 3
node 4 1 0 2
node 27 1 0 0
gene  1 1 4 -6.187652373788586 0 1.0 -6.187652373788586 1
gene  2 2 4 -4.323439068368584 0 2.0 -4.323439068368584 1
gene  3 3 4 -9.305122109876462 0 3.0 -9.305122109876462 1
gene  3 1 27 9.99688379813358 0 80.0 9.99688379813358 1
gene  1 27 4 19.21811982938802 0 81.0 19.21811982938802 1
gene  2 3 27 -4.5407199558790685 0 109.0 -4.5407199558790685 1
gene  2 2 27 6.129815951506191 0 113.0 6.129815951506191 1
genomeend 44
