genomestart  14
trait 1 0.1 0.0 0.0 0.0 0.0 0.0 0.0 0.0 
trait 2 0.2 0.0 0.0 0.0 0.0 0.0 0.0 0.0 
trait 3 1.151261093921767 0.0 0.0 1.4184737047667049 0.20136119511435402 0.0 0.0 0.0 
node 1 3 1 1
node 2 1 1 1
node 3 3 1 3
node 4 1 0 2
node 27 3 0 0
gene  1 1 4 -14.065971548710934 0 1.0 -14.065971548710934 1
gene  2 2 4 -9.894394252760632 0 2.0 -9.894394252760632 1
gene  3 3 4 -7.864212483040346 0 3.0 -7.864212483040346 1
gene  3 1 27 9.353998045259537 0 80.0 9.353998045259537 1
gene  1 27 4 27.289646477085068 0 81.0 27.289646477085068 1
gene  2 3 27 -2.8935325431122765 0 109.0 -2.8935325431122765 1
gene  2 2 27 7.620921749133729 0 113.0 7.620921749133729 1
genomeend 14
