genomestart  36
trait 1 0.05690637560727929 0.0 0.0 0.5295203930149014 0.6874495760107049 0.2612176252586514 0.24942653363099265 0.0037586221827266564 
trait 2 0.2 0.0 0.0 0.0 0.0 0.0 0.0 0.0 
trait 3 0.3459898992173307 0.0 0.0 0.0 0.0 0.09782773495057207 0.08357976993086841 0.07101291069219386 
node 1 1 1 1
node 2 1 1 1
node 3 1 1 3
node 4 1 0 2
node 12 1 0 0
gene  1 1 4 -3.8241221463670962 0 1.0 -3.8241221463670962 1
gene  2 2 4 -1.7737610260399495 0 2.0 -1.7737610260399495 1
gene  3 3 4 -8.140483299846773 0 3.0 -8.140483299846773 1
gene  1 1 12 1.2681057307919446 0 21.0 1.2681057307919446 1
gene  1 12 4 12.198300005828637 0 22.0 12.198300005828637 1
gene  3 2 12 10.660467166162592 0 36.0 10.660467166162592 1
genomeend 36
