genomestart  13
trait 1 0.1 0.0 0.0 0.0 0.0 0.0 0.0 0.0 
trait 2 0.2 0.0 0.0 0.0 0.0 0.0 0.0 0.0 
trait 3 1.151261093921767 0.0 0.3757904518075883 0.5931851759569372 0.20136119511435402 0.0 0.0 0.09193199983138745 
node 1 3 1 1
node 2 1 1 1
node 3 3 1 3
node 4 1 0 2
node 27 1 0 0
gene  1 1 4 -8.930065285548391 0 1.0 -8.930065285548391 1
gene  2 2 4 -14.676136697879322 0 2.0 -14.676136697879322 1
gene  3 3 4 -6.528977747098607 0 3.0 -6.528977747098607 1
gene  3 1 27 7.16857993031444 0 80.0 7.16857993031444 1
gene  1 27 4 26.13696693003992 0 81.0 26.13696693003992 1
gene  2 3 27 -2.1924447897058092 0 109.0 -2.1924447897058092 1
gene  2 2 27 7.021523339002706 0 113.0 7.021523339002706 1
genomeend 13
