genomestart  13
trait 1 0.1 0.0 0.0 0.0 0.0 0.0 0.0 0.0 
trait 2 0.2 0.0 0.0 0.0 0.0 0.0 0.0 0.0 
trait 3 1.199151331198746 0.0 0.0 0.0 0.20841105937580062 0.0 0.0 0.30695160929369625 
node 1 3 1 1
node 2 1 1 1
node 3 3 1 3
node 4 1 0 2
node 27 1 0 0
gene  1 1 4 -11.312407041813229 0 1.0 -11.312407041813229 1
gene  2 2 4 -8.607565520568881 0 2.0 -8.607565520568881 1
gene  3 3 4 -10.599680392113669 0 3.0 -10.599680392113669 1
gene  3 1 27 7.402649108527369 0 80.0 7.402649108527369 1
gene  1 27 4 23.36498426489471 0 81.0 23.36498426489471 1
gene  2 3 27 -5.2470149783618645 0 109.0 -5.2470149783618645 1
gene  2 2 27 6.623246885141552 0 113.0 6.623246885141552 1
genomeend 13
