genomestart  39
trait 1 0.1 0.0 0.0 0.0 0.0 0.0 0.0 0.0 
trait 2 0.2 0.0 0.0 0.0 0.0 0.0 0.0 0.0 
trait 3 1.199151331198746 0.0 0.0 0.0 0.20841105937580062 0.0 0.0 0.30695160929369625 
node 1 3 1 1
node 2 1 1 1
node 3 3 1 3
node 4 1 0 2
node 27 2 0 0
gene  1 1 4 -10.205539781444022 0 1.0 -10.205539781444022 1
gene  2 2 4 -9.358661260557167 0 2.0 -9.358661260557167 1
gene  3 3 4 -8.079730756330173 0 3.0 -8.079730756330173 1
gene  3 1 27 4.945340103221188 0 80.0 4.945340103221188 1
gene  1 27 4 24.112084380962425 0 81.0 24.112084380962425 1
gene  2 3 27 -0.17626432616990462 0 109.0 -0.17626432616990462 1
gene  2 2 27 8.070191790146142 0 113.0 8.070191790146142 1
genomeend 39
