genomestart  61
trait 1 0.1 0.0 0.0 0.0 0.0 0.0 0.0 0.0 
trait 2 0.2 0.0 0.0 0.0 0.0 0.0 0.0 0.0 
trait 3 0.9774896173313197 0.0 0.0 0.0 0.0 0.0 0.0 0.30695160929369625 
node 1 3 1 1
node 2 1 1 1
node 3 1 1 3
node 4 1 0 2
node 27 1 0 0
gene  1 1 4 -3.255368777495252 0 1.0 -3.255368777495252 1
gene  2 2 4 -3.2331989686727014 0 2.0 -3.2331989686727014 1
gene  3 3 4 -13.615696616864751 0 3.0 -13.615696616864751 1
gene  3 1 27 6.305659324958823 0 80.0 6.305659324958823 1
gene  1 27 4 17.27841128358363 0 81.0 17.27841128358363 1
gene  2 3 27 -2.851140323776322 0 109.0 -2.851140323776322 1
gene  2 2 27 4.124906750707089 0 113.0 4.124906750707089 1
genomeend 61
