genomestart  37
trait 1 0.1 0.0 0.0 0.0 0.0 0.0 0.0 0.0 
trait 2 0.2 0.0 0.0 0.0 0.0 0.0 0.0 0.0 
trait 3 1.199151331198746 0.0 0.0 0.0 0.20841105937580062 0.0 0.0 0.30695160929369625 
node 1 3 1 1
node 2 1 1 1
node 3 3 1 3
node 4 1 0 2
node 27 1 0 0
gene  1 1 4 -8.574573527884247 0 1.0 -8.574573527884247 1
gene  2 2 4 -7.544531892407862 0 2.0 -7.544531892407862 1
gene  3 3 4 -10.72135378165703 0 3.0 -10.72135378165703 1
gene  3 1 27 6.406630142484306 0 80.0 6.406630142484306 1
gene  1 27 4 21.07696962519609 0 81.0 21.07696962519609 1
gene  2 3 27 -3.0468404358789827 0 109.0 -3.0468404358789827 1
gene  2 2 27 10.261404991446058 0 113.0 10.261404991446058 1
genomeend 37
