genomestart  62
trait 1 0.1828018383578469 0.511646722685368 0.887916213060954 0.16740380527481824 0.0 0.8682455558581392 0.0 0.20858169628672263 
trait 2 0.2 0.0 0.0 0.0 0.0 0.0 0.0 0.011377811850802742 
trait 3 0.40500261316494196 0.5332891832981644 0.19951034042631954 0.0 0.0 0.2282007844791084 0.0 0.09301400611535382 
node 1 1 1 1
node 2 1 1 1
node 3 1 1 3
node 4 1 0 2
node 7 3 0 0
node 11 1 0 0
node 31 2 0 0
node 44 3 0 0
gene  1 1 4 -7.783369663557891 0 1.0 -7.783369663557891 1
gene  3 2 4 -0.2085388918799278 0 2.0 -0.2085388918799278 0
gene  3 3 4 15.210963498592108 0 3.0 15.210963498592108 1
gene  2 1 7 5.142314390111695 0 8.0 5.142314390111695 1
gene  1 7 4 2.4995518461548984 0 9.0 2.4995518461548984 1
gene  2 2 11 -3.457391966949151 0 19.0 -3.457391966949151 1
gene  2 11 4 -2.5489161599851218 0 20.0 -2.5489161599851218 1
gene  1 3 11 -5.987880735639996 0 60.0 -5.987880735639996 1
gene  3 1 31 -2.0918042569817574 0 88.0 -2.0918042569817574 1
gene  1 31 7 -13.165314560178272 0 89.0 -13.165314560178272 1
gene  1 7 44 -7.037713326300748 0 138.0 -7.037713326300748 1
gene  1 44 4 -20.69312512944519 0 139.0 -20.69312512944519 1
gene  3 2 44 -3.92671055250862 0 144.0 -3.92671055250862 1
gene  3 2 31 5.124173522774147 0 243.0 5.124173522774147 1
gene  2 31 44 3.42688164990051 0 332.0 3.42688164990051 1
gene  1 1 44 2.7207707641128493 0 968.0 2.7207707641128493 1
genomeend 62
