genomestart  138
trait 1 0.0 0.7790887187737074 0.34423625876581576 0.40845607206823875 0.6980112354633464 0.0 0.141123449913797 0.0 
trait 2 0.2 0.0 0.0 0.0 0.0 0.0 0.0 0.0 
trait 3 0.3 0.0 0.0 0.0 0.0 0.0 0.0 0.0 
node 1 2 1 1
node 2 2 1 1
node 3 1 1 3
node 4 1 0 2
node 7 1 0 0
node 14 1 0 0
node 26 1 0 0
gene  1 1 4 5.731130228476517 0 1.0 5.731130228476517 1
gene  2 2 4 -0.7890226978188738 0 2.0 -0.7890226978188738 1
gene  2 3 4 -2.84840274614455 0 3.0 -2.84840274614455 1
gene  1 1 7 -1.1411299652590703 0 8.0 -1.1411299652590703 1
gene  1 7 4 3.8249664256396194 0 9.0 3.8249664256396194 1
gene  1 1 14 -0.5034812815364261 0 27.0 -0.5034812815364261 1
gene  1 14 4 2.6931415927560756 0 28.0 2.6931415927560756 1
gene  2 3 7 3.835394429542876 0 53.0 3.835394429542876 1
gene  2 2 26 -0.8371056864392517 0 72.0 -0.8371056864392517 1
gene  2 26 4 -7.167665066328404 0 73.0 -7.167665066328404 1
gene  1 1 26 3.4619141887342257 0 93.0 3.4619141887342257 1
gene  2 3 14 1.3763392471042173 0 199.0 1.3763392471042173 1
gene  3 2 7 5.923991752260298 0 384.0 5.923991752260298 1
gene  1 2 14 -1.3850626552668153 0 552.0 -1.3850626552668153 1
gene  3 14 26 0.6594248583560622 0 803.0 0.6594248583560622 1
gene  2 14 7 -0.2952062245280468 0 822.0 -0.2952062245280468 1
genomeend 138
