genomestart  27
trait 1 0.1 0.0 0.0 0.0 0.0 0.0 0.0 0.0 
trait 2 0.2 0.0 0.0 0.0 0.0 0.0 0.0 0.0 
trait 3 1.199151331198746 0.0 0.0 0.0 0.3981518542961311 0.0 0.0 0.2291998044289002 
node 1 3 1 1
node 2 1 1 1
node 3 3 1 3
node 4 1 0 2
node 27 1 0 0
gene  1 1 4 -13.036926913237792 0 1.0 -13.036926913237792 1
gene  2 2 4 -13.116219180818675 0 2.0 -13.116219180818675 1
gene  3 3 4 -1.385753407270214 0 3.0 -1.385753407270214 1
gene  3 1 27 6.609659658354057 0 80.0 6.609659658354057 1
gene  1 27 4 22.105525445099104 0 81.0 22.105525445099104 1
gene  2 3 27 -2.491747151645729 0 109.0 -2.491747151645729 1
gene  2 2 27 5.961262071298631 0 113.0 5.961262071298631 1
genomeend 27
