genomestart  11
trait 1 0.1 0.0 0.0 0.0 0.0 0.0 0.0 0.0 
trait 2 0.2 0.0 0.0 0.0 0.0 0.0 0.0 0.0 
trait 3 1.151261093921767 0.0 0.0 1.4184737047667049 0.20136119511435402 0.0 0.0 0.0 
node 1 3 1 1
node 2 1 1 1
node 3 3 1 3
node 4 1 0 2
node 27 3 0 0
gene  1 1 4 -14.818815185923052 0 1.0 -14.818815185923052 1
gene  2 2 4 -11.320695065889932 0 2.0 -11.320695065889932 1
gene  3 3 4 -5.8203212634538595 0 3.0 -5.8203212634538595 1
gene  3 1 27 5.739731321245239 0 80.0 5.739731321245239 1
gene  1 27 4 27.154154226494043 0 81.0 27.154154226494043 1
gene  2 3 27 -2.8551446398381017 0 109.0 -2.8551446398381017 1
gene  2 2 27 9.296668627815832 0 113.0 9.296668627815832 1
genomeend 11
