genomestart  38
trait 1 0.1 0.0 0.0 0.0 0.0 0.0 0.0 0.0 
trait 2 0.2 0.0 0.0 0.0 0.0 0.0 0.0 0.0 
trait 3 1.199151331198746 0.0 0.0 0.0 0.20841105937580062 0.0 0.0 0.30695160929369625 
node 1 3 1 1
node 2 1 1 1
node 3 3 1 3
node 4 1 0 2
node 27 1 0 0
gene  1 1 4 -6.284102091305339 0 1.0 -6.284102091305339 1
gene  2 2 4 -10.499872225125866 0 2.0 -10.499872225125866 1
gene  3 3 4 -8.853989297823004 0 3.0 -8.853989297823004 1
gene  3 1 27 5.727200379969904 0 80.0 5.727200379969904 1
gene  1 27 4 21.818345090572112 0 81.0 21.818345090572112 1
gene  2 3 27 -0.5672451483914565 0 109.0 -0.5672451483914565 1
gene  2 2 27 4.332941843671837 0 113.0 4.332941843671837 1
genomeend 38
