genomestart  34
trait 1 0.1 0.0 0.0 0.0 0.0 0.0 0.0 0.0 
trait 2 0.2 0.0 0.0 0.0 0.0 0.0 0.0 0.0 
trait 3 1.199151331198746 0.0 0.0 0.0 0.20841105937580062 0.0 0.0 0.30695160929369625 
node 1 3 1 1
node 2 1 1 1
node 3 3 1 3
node 4 1 0 2
node 27 1 0 0
node 162 1 0 0
gene  1 1 4 -7.263320755145707 0 1.0 -7.263320755145707 1
gene  2 2 4 -7.257180767452929 0 2.0 -7.257180767452929 0
gene  3 3 4 -9.956549428740743 0 3.0 -9.956549428740743 1
gene  3 1 27 8.179570698564024 0 80.0 8.179570698564024 1
gene  1 27 4 21.560342680684244 0 81.0 21.560342680684244 1
gene  2 3 27 -3.1009286511137124 0 109.0 -3.1009286511137124 1
gene  2 2 27 8.924298202722653 0 113.0 8.924298202722653 1
gene  2 2 162 1.0 0 724.0 0.0 1
gene  2 162 4 -7.257180767452929 0 725.0 0.0 1
genomeend 34
