genomestart  33
trait 1 0.1 0.0 0.0 0.0 0.0 0.0 0.0 0.0 
trait 2 0.2 0.0 0.0 0.0 0.0 0.0 0.0 0.0 
trait 3 1.199151331198746 0.0 0.0 0.0 0.20841105937580062 0.0 0.0 0.30695160929369625 
node 1 3 1 1
node 2 1 1 1
node 3 3 1 3
node 4 1 0 2
node 27 1 0 0
gene  1 1 4 -7.395253454807373 0 1.0 -7.395253454807373 1
gene  2 2 4 -5.248824359096103 0 2.0 -5.248824359096103 1
gene  3 3 4 -10.1397969025058 0 3.0 -10.1397969025058 1
gene  3 1 27 6.40720377657585 0 80.0 6.40720377657585 1
gene  1 27 4 20.359782829661718 0 81.0 20.359782829661718 1
gene  2 3 27 -1.1500747409554637 0 109.0 -1.1500747409554637 1
gene  2 2 27 8.853742334627027 0 113.0 8.853742334627027 1
genomeend 33
