genomestart  30
trait 1 0.1 0.0 0.0 0.0 0.0 0.0 0.0 0.0 
trait 2 0.2 0.0 0.0 0.0 0.0 0.0 0.0 0.0 
trait 3 1.199151331198746 0.0 0.0 0.0 0.20841105937580062 0.0 0.0 0.30695160929369625 
node 1 3 1 1
node 2 1 1 1
node 3 3 1 3
node 4 1 0 2
node 27 1 0 0
gene  1 1 4 -9.286092721167154 0 1.0 -9.286092721167154 1
gene  2 2 4 -7.6751782268815445 0 2.0 -7.6751782268815445 1
gene  3 3 4 -10.101956047843748 0 3.0 -10.101956047843748 1
gene  3 1 27 6.508637471199664 0 80.0 6.508637471199664 1
gene  1 27 4 22.736056037752853 0 81.0 22.736056037752853 1
gene  2 3 27 -3.7270452823099225 0 109.0 -3.7270452823099225 1
gene  2 2 27 7.822393845773654 0 113.0 7.822393845773654 1
genomeend 30
