genomestart  11
trait 1 0.1 0.0 0.0 0.0 0.0 0.0 0.0 0.0 
trait 2 0.2 0.0 0.0 0.0 0.0 0.0 0.0 0.0 
trait 3 1.151261093921767 0.0 0.3757904518075883 0.5931851759569372 0.20136119511435402 0.0 0.0 0.09193199983138745 
node 1 3 1 1
node 2 1 1 1
node 3 3 1 3
node 4 1 0 2
node 27 1 0 0
gene  1 1 4 -8.886148627883601 0 1.0 -8.886148627883601 1
gene  2 2 4 -10.604280426957924 0 2.0 -10.604280426957924 1
gene  3 3 4 -7.9657843789167995 0 3.0 -7.9657843789167995 1
gene  3 1 27 6.727822999989299 0 80.0 6.727822999989299 1
gene  1 27 4 25.271552728515896 0 81.0 25.271552728515896 1
gene  2 3 27 -3.5126665430486606 0 109.0 -3.5126665430486606 1
gene  2 2 27 9.213806170625018 0 113.0 9.213806170625018 1
genomeend 11
