genomestart  182
trait 1 0.13758880872216217 0.0 0.0 0.0 0.0 0.0 0.0 0.23261439317019972 
trait 2 0.2 0.2177678020902366 0.0 0.796866821784067 0.0 0.0 0.0 0.0 
trait 3 0.0 0.0 0.0 0.7511428217536676 0.0 0.14369714681040224 1.8412413201379243 0.0 
node 1 2 1 1
node 2 2 1 1
node 3 1 1 3
node 4 3 0 2
node 17 1 0 0
node 59 1 0 0
node 219 1 0 0
gene  3 1 4 -2.524969615702387 0 1.0 -2.524969615702387 1
gene  3 2 4 0.7704084792756736 0 2.0 0.7704084792756736 0
gene  3 3 4 -13.877649654203164 0 3.0 -13.877649654203164 1
gene  2 1 17 1.4524859433759465 0 38.0 1.4524859433759465 1
gene  3 17 4 18.688918360302797 0 39.0 18.688918360302797 1
gene  1 2 17 9.723068336364674 0 175.0 9.723068336364674 1
gene  2 2 59 4.368879701434577 0 244.0 4.368879701434577 1
gene  1 59 4 -4.030595695469929 0 245.0 -4.030595695469929 1
gene  1 1 59 -4.036734446578945 0 850.0 -4.036734446578945 1
gene  2 1 219 -1.7047964144184315 0 953.0 -1.7047964144184315 1
gene  2 219 17 -2.2623108862302184 0 954.0 -2.2623108862302184 1
genomeend 182
