genomestart  15
trait 1 0.1 0.0 0.0 0.0 0.0 0.0 0.0 0.0 
trait 2 0.2 0.0 0.0 0.0 0.0 0.0 0.0 0.0 
trait 3 1.151261093921767 0.0 0.0 1.4184737047667049 0.20136119511435402 0.0 0.0 0.0 
node 1 3 1 1
node 2 1 1 1
node 3 3 1 3
node 4 1 0 2
node 27 3 0 0
gene  1 1 4 -14.464517399325272 0 1.0 -14.464517399325272 1
gene  2 2 4 -9.204701626063958 0 2.0 -9.204701626063958 1
gene  3 3 4 -7.2517663358345725 0 3.0 -7.2517663358345725 1
gene  3 1 27 7.637812270415025 0 80.0 7.637812270415025 1
gene  1 27 4 28.76751444484961 0 81.0 28.76751444484961 1
gene  2 3 27 -3.210875694888591 0 109.0 -3.210875694888591 1
gene  2 2 27 5.946342670043683 0 113.0 5.946342670043683 1
genomeend 15
