genomestart  50
trait 1 0.1 0.0 0.0 0.0 0.0 0.0 0.0 0.0 
trait 2 0.2 0.0 0.0 0.0 0.0 0.0 0.0 0.0 
trait 3 1.199151331198746 0.0 0.0 0.0 0.20841105937580062 0.0 0.0 0.30695160929369625 
node 1 3 1 1
node 2 1 1 1
node 3 1 1 3
node 4 1 0 2
node 27 1 0 0
gene  1 1 4 -3.681396551488903 0 1.0 -3.681396551488903 1
gene  2 2 4 -6.703263253347215 0 2.0 -6.703263253347215 1
gene  3 3 4 -13.439165368692715 0 3.0 -13.439165368692715 1
gene  3 1 27 6.088529075215897 0 80.0 6.088529075215897 1
gene  1 27 4 20.914636398795444 0 81.0 20.914636398795444 1
gene  2 3 27 -5.092115168736 0 109.0 -5.092115168736 1
gene  2 2 27 6.315871327708351 0 113.0 6.315871327708351 1
genomeend 50
