genomestart  40
trait 1 0.1 0.0 0.0 0.0 0.0 0.0 0.0 0.0 
trait 2 0.2 0.0 0.0 0.0 0.0 0.0 0.0 0.0 
trait 3 1.199151331198746 0.0 0.0 0.0 0.20841105937580062 0.0 0.0 0.30695160929369625 
node 1 3 1 1
node 2 1 1 1
node 3 3 1 3
node 4 1 0 2
node 27 1 0 0
gene  1 1 4 -6.131071479296215 0 1.0 -6.131071479296215 1
gene  2 2 4 -7.043754807541017 0 2.0 -7.043754807541017 1
gene  3 3 4 -12.215677762743773 0 3.0 -12.215677762743773 1
gene  3 1 27 5.7878505490969205 0 80.0 5.7878505490969205 1
gene  1 27 4 21.99007677594895 0 81.0 21.99007677594895 1
gene  3 3 27 -1.528894111987609 0 109.0 -1.528894111987609 1
gene  2 2 27 9.899205670682115 0 113.0 9.899205670682115 1
genomeend 40
