genomestart  57
trait 1 0.1828018383578469 0.511646722685368 0.887916213060954 0.16740380527481824 0.0 0.8682455558581392 0.0 0.20858169628672263 
trait 2 0.2 0.0 0.0 0.09181391643617376 0.4897337801719057 0.0 0.0 0.011377811850802742 
trait 3 0.40500261316494196 0.5332891832981644 0.19951034042631954 0.0 0.0 0.2282007844791084 0.0 0.09301400611535382 
node 1 1 1 1
node 2 1 1 1
node 3 1 1 3
node 4 1 0 2
node 7 3 0 0
node 11 1 0 0
node 31 2 0 0
node 44 3 0 0
gene  1 1 4 -7.306183859536865 0 1.0 -7.306183859536865 1
gene  3 2 4 2.244645667668827 0 2.0 2.244645667668827 0
gene  3 3 4 15.141424708893382 0 3.0 15.141424708893382 1
gene  2 1 7 6.2582002680052815 0 8.0 6.2582002680052815 1
gene  1 7 4 1.9167239398170102 0 9.0 1.9167239398170102 1
gene  2 2 11 -5.707827565833662 0 19.0 -5.707827565833662 1
gene  2 11 4 -2.1633381980053006 0 20.0 -2.1633381980053006 1
gene  1 3 11 -4.888734774601661 0 60.0 -4.888734774601661 1
gene  3 1 31 -3.83062402244228 0 88.0 -3.83062402244228 1
gene  1 31 7 -14.029349539610486 0 89.0 -14.029349539610486 1
gene  1 7 44 -7.9165577587955225 0 138.0 -7.9165577587955225 1
gene  1 44 4 -22.093881433938222 0 139.0 -22.093881433938222 1
gene  3 2 44 -3.5253589891149333 0 144.0 -3.5253589891149333 1
gene  3 2 31 7.286125889276924 0 243.0 7.286125889276924 1
gene  2 31 44 1.8790656705839313 0 332.0 1.8790656705839313 1
gene  1 1 44 2.7207707641128493 0 968.0 2.7207707641128493 1
genomeend 57
