genomestart  14
trait 1 0.1 0.0 0.0 0.0 0.0 0.0 0.0 0.0 
trait 2 0.2 0.0 0.0 0.0 0.0 0.0 0.0 0.0 
trait 3 1.151261093921767 0.0 0.0 1.4184737047667049 0.20136119511435402 0.0 0.0 0.0 
node 1 3 1 1
node 2 1 1 1
node 3 3 1 3
node 4 1 0 2
node 27 3 0 0
gene  1 1 4 -12.452854908431318 0 1.0 -12.452854908431318 1
gene  2 2 4 -9.87694064479788 0 2.0 -9.87694064479788 1
gene  3 3 4 -6.889970534016968 0 3.0 -6.889970534016968 1
gene  3 1 27 9.447356363790462 0 80.0 9.447356363790462 1
gene  1 27 4 24.546303542501985 0 81.0 24.546303542501985 1
gene  2 3 27 -4.2541575965876115 0 109.0 -4.2541575965876115 1
gene  2 2 27 8.036476913337877 0 113.0 8.036476913337877 1
genomeend 14
