genomestart  13
trait 1 0.1 0.0 0.0 0.0 0.0 0.0 0.0 0.13974964690817093 
trait 2 0.2 0.0 0.0 0.0 0.0 0.0 0.0 0.0 
trait 3 1.199151331198746 0.0 0.0 0.0 0.20841105937580062 0.0 0.0 0.30695160929369625 
node 1 3 1 1
node 2 1 1 1
node 3 3 1 3
node 4 1 0 2
node 27 1 0 0
gene  1 1 4 -8.13463086554719 0 1.0 -8.13463086554719 1
gene  2 2 4 -11.486527789851277 0 2.0 -11.486527789851277 1
gene  3 3 4 -8.501767848165743 0 3.0 -8.501767848165743 1
gene  3 1 27 6.316148248116571 0 80.0 6.316148248116571 1
gene  1 27 4 21.563007665928172 0 81.0 21.563007665928172 1
gene  2 3 27 -2.9483328391405434 0 109.0 -2.9483328391405434 1
gene  2 2 27 4.677521222839417 0 113.0 4.677521222839417 1
genomeend 13
