genomestart  53
trait 1 0.1 0.0 0.0 0.0 0.0 0.0 0.0 0.0 
trait 2 0.2 0.0 0.0 0.0 0.0 0.0 0.0 0.0 
trait 3 1.199151331198746 0.0 0.0 0.0 0.20841105937580062 0.0 0.0 0.30695160929369625 
node 1 3 1 1
node 2 1 1 1
node 3 1 1 3
node 4 1 0 2
node 27 1 0 0
gene  1 1 4 -6.766493936110425 0 1.0 -6.766493936110425 1
gene  2 2 4 -5.4711213905622875 0 2.0 -5.4711213905622875 1
gene  3 3 4 -14.641291268096436 0 3.0 -14.641291268096436 1
gene  3 1 27 5.664321812031364 0 80.0 5.664321812031364 1
gene  1 27 4 21.810933541132115 0 81.0 21.810933541132115 1
gene  2 3 27 -3.928369628440777 0 109.0 -3.928369628440777 1
gene  2 2 27 7.7848029292073075 0 113.0 7.7848029292073075 1
genomeend 53
