genomestart  184
trait 1 0.1 0.0 0.0 0.0 0.0 0.0 0.0 0.0 
trait 2 0.2 0.0 0.0 0.0 0.0 0.0 0.0 0.0 
trait 3 0.6376267350833316 0.0 0.0 0.0 0.0 0.0 0.0 0.06629462485645231 
node 1 1 1 1
node 2 3 1 1
node 3 1 1 3
node 4 1 0 2
node 27 1 0 0
node 43 1 0 0
node 58 1 0 0
node 72 1 0 0
node 103 1 0 0
gene  1 1 4 4.237246534044454 0 1.0 4.237246534044454 0
gene  2 2 4 -0.7431699744057139 0 2.0 -0.7431699744057139 0
gene  3 3 4 0.4357121420391781 0 3.0 0.4357121420391781 1
gene  1 1 27 -1.0772721795129905 0 80.0 -1.0772721795129905 1
gene  1 27 4 -1.5266811585456925 0 81.0 -1.5266811585456925 1
gene  2 3 27 -1.714430556703233 0 109.0 -1.714430556703233 1
gene  2 2 27 24.28683293655805 0 113.0 24.28683293655805 1
gene  2 2 43 5.354642788373543 0 157.0 5.354642788373543 1
gene  2 43 4 11.365640835700145 0 158.0 11.365640835700145 1
gene  1 1 43 3.445649859117762 0 224.0 3.445649859117762 1
gene  1 1 58 3.7130268790408767 0 242.0 3.7130268790408767 1
gene  1 58 4 -1.8051811084793923 0 243.0 -1.8051811084793923 0
gene  1 58 43 -10.329199627572638 0 288.0 -10.329199627572638 1
gene  1 1 72 4.719951241212613 0 318.0 4.719951241212613 1
gene  1 72 4 0.5133824811227434 0 319.0 0.5133824811227434 1
gene  3 27 72 -9.621224592526083 0 411.0 -9.621224592526083 1
gene  3 58 72 -1.070645680614186 0 439.0 -1.070645680614186 1
gene  1 58 103 3.1917850816335545 0 451.0 3.1917850816335545 1
gene  1 103 4 -0.4861753101896358 0 452.0 -0.4861753101896358 1
genomeend 184
