genomestart  107
trait 1 0.0 0.0 0.0 0.0 0.055398074479255544 0.0 0.3568575379219483 0.12192827250494745 
trait 2 0.17500000000000002 0.03353619471315164 0.0 0.36626530219910236 0.05845915468876921 0.0 0.0 0.0 
trait 3 0.3 0.0 0.0 0.0 0.0 0.0 0.0 0.0 
node 1 2 1 1
node 2 2 1 1
node 3 1 1 3
node 4 1 0 2
node 7 1 0 0
node 14 3 0 0
node 17 2 0 0
node 28 1 0 0
node 44 1 0 0
node 47 3 0 0
node 58 1 0 0
node 145 1 0 0
node 193 1 0 0
gene  1 1 4 -2.1783826701656666 0 1.0 -2.1783826701656666 1
gene  2 2 4 3.3296247516350608 0 2.0 3.3296247516350608 1
gene  3 3 4 1.131726739633017 0 3.0 1.131726739633017 1
gene  1 1 7 -1.2112429736309902 0 8.0 -1.2112429736309902 0
gene  1 7 4 9.102853509010966 0 9.0 9.102853509010966 1
gene  1 1 14 1.5957593562589243 0 27.0 1.5957593562589243 1
gene  1 14 4 -3.3598865943765768 0 28.0 -3.3598865943765768 1
gene  2 2 17 4.364607861547308 0 37.0 4.364607861547308 1
gene  2 17 4 5.685749101784177 0 38.0 5.685749101784177 1
gene  2 1 17 5.915155606964957 0 54.0 5.915155606964957 1
gene  2 1 28 5.661964742833639 0 78.0 5.661964742833639 1
gene  1 28 7 -4.449052322903228 0 79.0 -4.449052322903228 1
gene  1 7 44 0.30731447984123395 0 138.0 0.30731447984123395 1
gene  1 44 4 5.131145682283676 0 139.0 5.131145682283676 1
gene  1 1 47 -0.39213785029279047 0 151.0 -0.39213785029279047 1
gene  1 47 7 0.3185643323176771 0 152.0 0.3185643323176771 1
gene  2 1 58 1.129871165015051 0 221.0 1.129871165015051 1
gene  2 58 17 -2.611789802681926 0 222.0 -2.611789802681926 1
gene  2 47 58 -5.942029984237805 0 279.0 -5.942029984237805 1
gene  2 2 28 -14.930754826233336 0 339.0 -14.930754826233336 1
gene  2 2 145 5.178144255101383 0 633.0 5.178144255101383 1
gene  2 145 4 -10.817993482369788 0 634.0 -10.817993482369788 1
gene  3 1 44 5.067019755981037 0 728.0 5.067019755981037 1
gene  3 14 58 5.506515534355021 0 783.0 5.506515534355021 1
gene  1 1 193 1.0 0 849.0 0.0 1
gene  1 193 7 -1.2112429736309902 0 850.0 0.0 1
genomeend 107
