genomestart  13
trait 1 0.1 0.0 0.0 0.0 0.0 0.0 0.0 0.0 
trait 2 0.2 0.0 0.0 0.0 0.0 0.0 0.0 0.0 
trait 3 1.151261093921767 0.0 0.0 1.4184737047667049 0.20136119511435402 0.0 0.0 0.0 
node 1 3 1 1
node 2 1 1 1
node 3 3 1 3
node 4 1 0 2
node 27 3 0 0
gene  1 1 4 -13.178425274678615 0 1.0 -13.178425274678615 1
gene  2 2 4 -13.210467936257032 0 2.0 -13.210467936257032 1
gene  3 3 4 -4.798934325072456 0 3.0 -4.798934325072456 1
gene  3 1 27 5.774764816720911 0 80.0 5.774764816720911 1
gene  1 27 4 23.7525905082772 0 81.0 23.7525905082772 1
gene  2 3 27 -2.5600066905195042 0 109.0 -2.5600066905195042 1
gene  2 2 27 9.97198668498202 0 113.0 9.97198668498202 1
genomeend 13
