genomestart  46
trait 1 0.1 0.0 0.0 0.0 0.0 0.0 0.0 0.0 
trait 2 0.2 0.0 0.0 0.0 0.0 0.0 0.0 0.0 
trait 3 1.199151331198746 0.0 0.0 0.0 0.20841105937580062 0.0 0.0 0.30695160929369625 
node 1 3 1 1
node 2 1 1 1
node 3 1 1 3
node 4 1 0 2
node 27 1 0 0
gene  1 1 4 -8.159578351061757 0 1.0 -8.159578351061757 1
gene  2 2 4 -3.9281621613458846 0 2.0 -3.9281621613458846 1
gene  3 3 4 -12.780539291663148 0 3.0 -12.780539291663148 1
gene  3 1 27 6.270634938470933 0 80.0 6.270634938470933 1
gene  1 27 4 22.506151286222927 0 81.0 22.506151286222927 1
gene  2 3 27 -5.325307443642329 0 109.0 -5.325307443642329 1
gene  2 2 27 5.647658954719798 0 113.0 5.647658954719798 1
genomeend 46
