genomestart  59
trait 1 0.25367174063112496 0.06792372724096563 0.0 0.19276547629324284 0.0 0.048750027671035825 0.001001516964367476 0.0 
trait 2 0.2 0.0 0.3346577519059606 0.0 0.0 0.0 0.9028370149050807 0.0 
trait 3 0.013246439942365629 0.0 0.0 0.0 0.0 0.10132158262737821 0.0865647617141137 0.07354908607405791 
node 1 1 1 1
node 2 3 1 1
node 3 1 1 3
node 4 3 0 2
node 12 2 0 0
node 37 1 0 0
node 134 1 0 0
gene  1 1 4 -0.9495146134953725 0 1.0 -0.9495146134953725 0
gene  2 2 4 -0.9532187690191274 0 2.0 -0.9532187690191274 1
gene  3 3 4 4.351693959998185 0 3.0 4.351693959998185 1
gene  1 1 12 2.1006293987420177 0 21.0 2.1006293987420177 1
gene  1 12 4 -1.8930389896233804 0 22.0 -1.8930389896233804 1
gene  3 2 12 2.0863239702056346 0 36.0 2.0863239702056346 1
gene  1 3 12 0.15082003504780128 0 86.0 0.15082003504780128 1
gene  3 1 37 -1.5086586110275242 0 117.0 -1.5086586110275242 1
gene  1 37 4 -8.311476959367988 0 118.0 -8.311476959367988 1
gene  1 37 12 -0.563015279359862 0 193.0 -0.563015279359862 1
gene  1 2 37 -2.805812652966606 0 259.0 -2.805812652966606 1
gene  1 1 134 0.6591719743391274 0 602.0 0.6591719743391274 1
gene  1 134 4 -2.2566989038541845 0 603.0 -2.2566989038541845 1
genomeend 59
