genomestart  14
trait 1 0.1 0.0 0.2192134565597752 0.9313843777541022 0.0 0.7471913286883721 0.6193877776786327 0.0 
trait 2 0.2 0.0 0.0 0.0 0.0 0.0 0.0 0.0 
trait 3 1.151261093921767 0.0 0.3757904518075883 0.5931851759569372 0.20136119511435402 0.0 0.0 0.09193199983138745 
node 1 3 1 1
node 2 1 1 1
node 3 3 1 3
node 4 1 0 2
node 27 1 0 0
gene  1 1 4 -12.090641265115982 0 1.0 -12.090641265115982 1
gene  2 2 4 -11.188704132586068 0 2.0 -11.188704132586068 1
gene  3 3 4 -6.781566262837434 0 3.0 -6.781566262837434 1
gene  3 1 27 9.01935339824613 0 80.0 9.01935339824613 1
gene  1 27 4 23.044430822342743 0 81.0 23.044430822342743 1
gene  2 3 27 -5.574460646004635 0 109.0 -5.574460646004635 1
gene  2 2 27 7.163582611199795 0 113.0 7.163582611199795 1
genomeend 14
