genomestart  44
trait 1 0.1 0.0 0.0 0.0 0.0 0.0 0.0 0.0 
trait 2 0.2 0.0 0.0 0.0 0.0 0.0 0.0 0.0 
trait 3 1.199151331198746 0.0 0.0 0.0 0.20841105937580062 0.0 0.0 0.30695160929369625 
node 1 3 1 1
node 2 1 1 1
node 3 3 1 3
node 4 1 0 2
node 27 1 0 0
gene  1 1 4 -5.2288676181808516 0 1.0 -5.2288676181808516 1
gene  2 2 4 -9.533566987086907 0 2.0 -9.533566987086907 1
gene  3 3 4 -10.130289328324459 0 3.0 -10.130289328324459 1
gene  3 1 27 7.257975753767215 0 80.0 7.257975753767215 1
gene  1 27 4 21.89377831097155 0 81.0 21.89377831097155 1
gene  2 3 27 -3.5436224522134174 0 109.0 -3.5436224522134174 1
gene  2 2 27 9.3351244912495 0 113.0 9.3351244912495 1
genomeend 44
