genomestart  17
trait 1 0.1 0.0 0.0 0.0 0.0 0.0 0.0 0.0 
trait 2 0.2 0.0 0.0 0.0 0.0 0.0 0.0 0.0 
trait 3 1.199151331198746 0.0 0.0 0.0 0.20841105937580062 0.0 0.0 0.30695160929369625 
node 1 3 1 1
node 2 1 1 1
node 3 3 1 3
node 4 1 0 2
node 27 2 0 0
gene  1 1 4 -12.272500554802548 0 1.0 -12.272500554802548 1
gene  2 2 4 -13.131143682209565 0 2.0 -13.131143682209565 1
gene  3 3 4 -9.750894062404987 0 3.0 -9.750894062404987 1
gene  3 1 27 6.377308229529134 0 80.0 6.377308229529134 1
gene  1 27 4 26.233121332693607 0 81.0 26.233121332693607 1
gene  2 3 27 -5.705883402980436 0 109.0 -5.705883402980436 1
gene  2 2 27 7.3629936909502085 0 113.0 7.3629936909502085 1
genomeend 17
