genomestart  13
trait 1 0.1 0.0 0.0 0.0 0.0 0.0 0.0 0.0 
trait 2 0.2 0.0 0.0 0.0 0.0 0.0 0.0 0.0 
trait 3 1.151261093921767 0.0 0.0 1.4184737047667049 0.20136119511435402 0.0 0.0 0.0 
node 1 3 1 1
node 2 1 1 1
node 3 3 1 3
node 4 1 0 2
node 27 3 0 0
gene  1 1 4 -13.422118778852502 0 1.0 -13.422118778852502 1
gene  2 2 4 -12.020348487923997 0 2.0 -12.020348487923997 1
gene  3 3 4 -7.735636195457219 0 3.0 -7.735636195457219 1
gene  3 1 27 9.43880256533362 0 80.0 9.43880256533362 1
gene  1 27 4 26.709143055737194 0 81.0 26.709143055737194 1
gene  2 3 27 -4.48046683808728 0 109.0 -4.48046683808728 1
gene  2 2 27 8.326788607025266 0 113.0 8.326788607025266 1
genomeend 13
