genomestart  59
trait 1 0.1 0.0 0.0 0.0 0.0 0.0 0.0 0.0 
trait 2 0.2 0.0 0.0 0.0 0.0 0.0 0.0 0.0 
trait 3 1.199151331198746 0.0 0.0 0.0 0.20841105937580062 0.0 0.0 0.30695160929369625 
node 1 3 1 1
node 2 1 1 1
node 3 1 1 3
node 4 1 0 2
node 27 1 0 0
gene  1 1 4 -6.414994907817734 0 1.0 -6.414994907817734 1
gene  2 2 4 -3.202673695481434 0 2.0 -3.202673695481434 1
gene  3 3 4 -10.783291076484534 0 3.0 -10.783291076484534 1
gene  3 1 27 4.305482107653205 0 80.0 4.305482107653205 1
gene  1 27 4 20.33462496099065 0 81.0 20.33462496099065 1
gene  2 3 27 -2.043532931638598 0 109.0 -2.043532931638598 1
gene  2 2 27 6.664002007436877 0 113.0 6.664002007436877 1
genomeend 59
