genomestart  11
trait 1 0.1 0.0 0.0 0.0 0.0 0.0 0.0 0.0 
trait 2 0.2 0.0 0.0 0.0 0.0 0.0 0.0 0.0 
trait 3 1.151261093921767 0.0 0.18789522590379415 1.005829440361821 0.20136119511435402 0.0 0.0 0.04596599991569372 
node 1 3 1 1
node 2 1 1 1
node 3 3 1 3
node 4 1 0 2
node 27 3 0 0
gene  1 1 4 -13.25579544934265 0 1.0 -13.25579544934265 1
gene  2 2 4 -10.84431830514453 0 2.0 -10.84431830514453 1
gene  3 3 4 -7.2517663358345725 0 3.0 -7.2517663358345725 1
gene  3 1 27 6.639480775853071 0 80.0 6.639480775853071 1
gene  1 27 4 24.671831355616593 0 81.0 24.671831355616593 1
gene  2 3 27 -3.94752721731934 0 109.0 -3.94752721731934 1
gene  2 2 27 8.34979093453956 0 113.0 8.34979093453956 1
genomeend 11
