genomestart  64
trait 1 0.1 0.0 0.0 0.0 0.0 0.0 0.0 0.0 
trait 2 0.2 0.0 0.0 0.0 0.0 0.0 0.0 0.0 
trait 3 1.1186987663743968 0.0 0.0 0.0 0.0 0.0 0.0 1.0329932137791844 
node 1 3 1 1
node 2 1 1 1
node 3 1 1 3
node 4 1 0 2
node 27 1 0 0
gene  1 1 4 -4.1015733691168315 0 1.0 -4.1015733691168315 1
gene  2 2 4 -3.0641991290170116 0 2.0 -3.0641991290170116 1
gene  3 3 4 -13.744578864254256 0 3.0 -13.744578864254256 1
gene  3 1 27 4.361800443374858 0 80.0 4.361800443374858 1
gene  1 27 4 20.626677808912277 0 81.0 20.626677808912277 1
gene  2 3 27 -0.3882704902793863 0 109.0 -0.3882704902793863 1
gene  2 2 27 7.677780503864616 0 113.0 7.677780503864616 1
genomeend 64
