genomestart  10
trait 1 0.1 0.0 0.0 0.0 0.0 0.0 0.0 0.0 
trait 2 0.2 0.0 0.0 0.0 0.0 0.0 0.0 0.0 
trait 3 1.151261093921767 0.0 0.0 1.4184737047667049 0.20136119511435402 0.0 0.0 0.0 
node 1 3 1 1
node 2 1 1 1
node 3 3 1 3
node 4 1 0 2
node 27 3 0 0
gene  1 1 4 -12.50098178088074 0 1.0 -12.50098178088074 1
gene  2 2 4 -10.84431830514453 0 2.0 -10.84431830514453 1
gene  3 3 4 -7.161861742469301 0 3.0 -7.161861742469301 1
gene  3 1 27 8.38281092211654 0 80.0 8.38281092211654 1
gene  1 27 4 24.671831355616593 0 81.0 24.671831355616593 1
gene  2 3 27 -5.16503399598515 0 109.0 -5.16503399598515 1
gene  2 2 27 6.2706883418410335 0 113.0 6.2706883418410335 1
genomeend 10
