genomestart  45
trait 1 0.1 0.0 0.0 0.0 0.0 0.0 0.0 0.0 
trait 2 0.2 0.0 0.0 0.0 0.0 0.0 0.0 0.0 
trait 3 1.199151331198746 0.0 0.0 0.0 0.20841105937580062 0.0 0.0 0.30695160929369625 
node 1 3 1 1
node 2 1 1 1
node 3 3 1 3
node 4 1 0 2
node 27 1 0 0
gene  1 1 4 -4.8197047031124445 0 1.0 -4.8197047031124445 1
gene  2 2 4 -7.3635526328950025 0 2.0 -7.3635526328950025 1
gene  3 3 4 -11.811588888970284 0 3.0 -11.811588888970284 1
gene  3 1 27 8.154203428356073 0 80.0 8.154203428356073 1
gene  1 27 4 21.436656349790788 0 81.0 21.436656349790788 1
gene  2 3 27 -0.4886116054117162 0 109.0 -0.4886116054117162 1
gene  2 2 27 5.829538464661369 0 113.0 5.829538464661369 1
genomeend 45
