genomestart  27
trait 1 0.05690637560727929 0.0 0.0 0.5295203930149014 0.6874495760107049 0.2612176252586514 0.24942653363099265 0.0037586221827266564 
trait 2 0.2 0.0 0.0 0.0 0.0 0.0 0.0 0.0 
trait 3 0.3459898992173307 0.0 0.0 0.0 0.0 0.09782773495057207 0.08357976993086841 0.07101291069219386 
node 1 1 1 1
node 2 1 1 1
node 3 1 1 3
node 4 1 0 2
node 12 1 0 0
gene  1 1 4 -5.074595463352731 0 1.0 -5.074595463352731 1
gene  2 2 4 -4.164320789887989 0 2.0 -4.164320789887989 1
gene  3 3 4 -8.270736359023909 0 3.0 -8.270736359023909 1
gene  1 1 12 1.3445400747339193 0 21.0 1.3445400747339193 1
gene  1 12 4 13.64469053476234 0 22.0 13.64469053476234 1
gene  3 2 12 11.86442204725919 0 36.0 11.86442204725919 1
genomeend 27
