genomestart  11
trait 1 0.1 0.0 0.0 0.0 0.0 0.0 0.0 0.0 
trait 2 0.2 0.0 0.0 0.0 0.0 0.0 0.0 0.0 
trait 3 1.199151331198746 0.0 0.0 0.0 0.20841105937580062 0.0 0.0 0.30695160929369625 
node 1 3 1 1
node 2 1 1 1
node 3 3 1 3
node 4 1 0 2
node 27 1 0 0
gene  1 1 4 -10.262249037736895 0 1.0 -10.262249037736895 1
gene  2 2 4 -8.350440734677854 0 2.0 -8.350440734677854 1
gene  3 3 4 -9.58537496742142 0 3.0 -9.58537496742142 1
gene  3 1 27 6.520770631792096 0 80.0 6.520770631792096 1
gene  1 27 4 25.44811050591934 0 81.0 25.44811050591934 1
gene  2 3 27 -2.3457992206130065 0 109.0 -2.3457992206130065 1
gene  2 2 27 5.4530801372492474 0 113.0 5.4530801372492474 1
genomeend 11
