genomestart  17
trait 1 0.1 0.0 0.0 0.0 0.0 0.0 0.0 0.0 
trait 2 0.2 0.0 0.0 0.0 0.0 0.0 0.0 0.0 
trait 3 1.151261093921767 0.0 0.18789522590379415 1.005829440361821 0.20136119511435402 0.0 0.0 0.04596599991569372 
node 1 3 1 1
node 2 1 1 1
node 3 3 1 3
node 4 1 0 2
node 27 3 0 0
gene  1 1 4 -14.572168356960258 0 1.0 -14.572168356960258 1
gene  2 2 4 -8.74658007834922 0 2.0 -8.74658007834922 1
gene  3 3 4 -7.334499344803209 0 3.0 -7.334499344803209 1
gene  3 1 27 6.276235225174268 0 80.0 6.276235225174268 1
gene  1 27 4 27.513078173022286 0 81.0 27.513078173022286 1
gene  2 3 27 -5.429466280568068 0 109.0 -5.429466280568068 1
gene  2 2 27 9.85028592812749 0 113.0 9.85028592812749 1
genomeend 17
