genomestart  172
trait 1 0.1 0.0 0.0 0.0 0.0 0.0 0.0 0.0 
trait 2 0.2 0.0 0.0 0.0 0.0 0.0 0.0 0.0 
trait 3 0.6376267350833316 0.0 0.0 0.0 0.0 0.0 0.0 0.06629462485645231 
node 1 1 1 1
node 2 1 1 1
node 3 1 1 3
node 4 1 0 2
node 27 1 0 0
node 43 1 0 0
node 58 1 0 0
node 72 1 0 0
node 103 1 0 0
gene  1 1 4 2.757134364006424 0 1.0 2.757134364006424 0
gene  2 2 4 1.2103294410349292 0 2.0 1.2103294410349292 0
gene  3 3 4 -0.05627499476414499 0 3.0 -0.05627499476414499 1
gene  1 1 27 -6.939404582102451 0 80.0 -6.939404582102451 1
gene  1 27 4 -0.6983436201944665 0 81.0 -0.6983436201944665 1
gene  2 3 27 -2.2335150015805816 0 109.0 -2.2335150015805816 1
gene  2 2 27 21.803295483118568 0 113.0 21.803295483118568 1
gene  2 2 43 6.112124148365792 0 157.0 6.112124148365792 1
gene  2 43 4 12.23800885044047 0 158.0 12.23800885044047 1
gene  1 1 43 1.9930913651117685 0 224.0 1.9930913651117685 1
gene  1 1 58 2.9522425792615707 0 242.0 2.9522425792615707 1
gene  1 58 4 -0.4079090427637578 0 243.0 -0.4079090427637578 0
gene  1 58 43 -10.282707287779925 0 288.0 -10.282707287779925 1
gene  1 1 72 1.242516586685464 0 318.0 1.242516586685464 1
gene  1 72 4 3.754060400434006 0 319.0 3.754060400434006 1
gene  3 27 72 -11.927020540595903 0 411.0 -11.927020540595903 1
gene  3 58 72 -1.2833455373318254 0 439.0 -1.2833455373318254 1
gene  1 58 103 1.567879608067793 0 451.0 1.567879608067793 1
gene  1 103 4 -0.16193909013186764 0 452.0 -0.16193909013186764 1
gene  2 2 72 0.5760853437690261 0 586.0 0.5760853437690261 1
genomeend 172
