genomestart  18
trait 1 0.1 0.0 0.0 0.0 0.0 0.0 0.0 0.0 
trait 2 0.2 0.0 0.0 0.0 0.0 0.0 0.0 0.0 
trait 3 1.151261093921767 0.0 0.0 1.4184737047667049 0.20136119511435402 0.0 0.0 0.0 
node 1 3 1 1
node 2 1 1 1
node 3 2 1 3
node 4 1 0 2
node 27 3 0 0
gene  1 1 4 -11.196778540973208 0 1.0 -11.196778540973208 1
gene  2 2 4 -11.615386727076094 0 2.0 -11.615386727076094 1
gene  3 3 4 -7.297843653123153 0 3.0 -7.297843653123153 1
gene  3 1 27 7.197146754242408 0 80.0 7.197146754242408 1
gene  1 27 4 26.321023537387905 0 81.0 26.321023537387905 1
gene  2 3 27 -0.38403384315607386 0 109.0 -0.38403384315607386 1
gene  2 2 27 9.53286477481419 0 113.0 9.53286477481419 1
genomeend 18
