genomestart  31
trait 1 0.1 0.0 0.0 0.0 0.0 0.0 0.0 0.0 
trait 2 0.2 0.0 0.0 0.0 0.0 0.0 0.0 0.0 
trait 3 1.199151331198746 0.0 0.0 0.0 0.20841105937580062 0.0 0.0 0.30695160929369625 
node 1 3 1 1
node 2 1 1 1
node 3 3 1 3
node 4 1 0 2
node 27 1 0 0
node 192 1 0 0
gene  1 1 4 -8.987801606658962 0 1.0 -8.987801606658962 0
gene  2 2 4 -8.385040790053544 0 2.0 -8.385040790053544 1
gene  3 3 4 -10.203413994905242 0 3.0 -10.203413994905242 1
gene  3 1 27 5.722239532911252 0 80.0 5.722239532911252 1
gene  1 27 4 23.604467271926406 0 81.0 23.604467271926406 1
gene  2 3 27 -3.8243586376913203 0 109.0 -3.8243586376913203 1
gene  2 2 27 9.019341561950686 0 113.0 9.019341561950686 1
gene  1 1 192 1.0 0 823.0 0.0 1
gene  1 192 4 -8.987801606658962 0 824.0 0.0 1
genomeend 31
