genomestart  20
trait 1 0.1 0.0 0.0 0.0 0.0 0.0 0.0 0.0 
trait 2 0.2 0.0 0.0 0.0 0.0 0.0 0.0 0.0 
trait 3 1.199151331198746 0.0 0.0 0.0 0.0 0.0 0.0 0.30695160929369625 
node 1 3 1 1
node 2 1 1 1
node 3 3 1 3
node 4 1 0 2
node 27 1 0 0
gene  1 1 4 -8.590732790061466 0 1.0 -8.590732790061466 1
gene  2 2 4 -7.177152386163211 0 2.0 -7.177152386163211 1
gene  3 3 4 -8.075692578976119 0 3.0 -8.075692578976119 1
gene  3 1 27 4.580289488353826 0 80.0 4.580289488353826 1
gene  1 27 4 21.19265766725982 0 81.0 21.19265766725982 1
gene  2 3 27 -0.77918924922713 0 109.0 -0.77918924922713 1
gene  2 2 27 6.8369506553445785 0 113.0 6.8369506553445785 1
genomeend 20
