genomestart  116
trait 1 0.1 0.0 0.0 0.0 0.0 0.0 0.0 0.0 
trait 2 0.2 0.0 0.0 0.0 0.0 0.0 0.0 0.0 
trait 3 0.6376267350833316 0.0 0.0 0.0 0.0 0.0 0.0 0.06629462485645231 
node 1 1 1 1
node 2 3 1 1
node 3 1 1 3
node 4 1 0 2
node 27 1 0 0
node 43 1 0 0
node 58 1 0 0
node 72 1 0 0
node 103 1 0 0
gene  1 1 4 -4.046092899662179E-4 0 1.0 -4.046092899662179E-4 0
gene  2 2 4 -1.9216963898288293 0 2.0 -1.9216963898288293 1
gene  3 3 4 -1.856648133310256 0 3.0 -1.856648133310256 1
gene  2 1 27 -12.412325633301377 0 80.0 -12.412325633301377 1
gene  1 27 4 -5.659845530582469 0 81.0 -5.659845530582469 1
gene  2 3 27 1.7084847368483504 0 109.0 1.7084847368483504 1
gene  2 2 27 24.289765598949764 0 113.0 24.289765598949764 1
gene  2 2 43 -0.6777527101535368 0 157.0 -0.6777527101535368 1
gene  3 43 4 1.944054135215727 0 158.0 1.944054135215727 1
gene  1 1 43 2.255302145413598 0 224.0 2.255302145413598 1
gene  2 1 58 6.160961307893226 0 242.0 6.160961307893226 1
gene  1 58 4 -5.245240495814736 0 243.0 -5.245240495814736 1
gene  1 58 43 -1.6541601087407836 0 288.0 -1.6541601087407836 1
gene  1 1 72 0.3987136994022691 0 318.0 0.3987136994022691 1
gene  1 72 4 3.5939853042746965 0 319.0 3.5939853042746965 1
gene  1 27 72 0.8431151037856113 0 411.0 0.8431151037856113 1
gene  1 58 72 -2.409160439473693 0 439.0 -2.409160439473693 1
gene  1 58 103 -1.1646969349660792 0 451.0 -1.1646969349660792 1
gene  1 103 4 7.110863781023815 0 452.0 7.110863781023815 1
gene  2 2 58 -4.688185829294597 0 585.0 -4.688185829294597 1
gene  2 72 43 0.21224691529019324 0 677.0 0.21224691529019324 1
gene  2 3 103 7.560793065655109 0 997.0 7.560793065655109 1
genomeend 116
