genomestart  53
trait 1 0.1 0.0 0.0 0.0 0.0 0.0 0.0 0.0 
trait 2 0.2 0.0 0.0 0.0 0.0 0.0 0.0 0.0 
trait 3 1.199151331198746 0.0 0.0 0.0 0.20841105937580062 0.0 0.0 0.30695160929369625 
node 1 3 1 1
node 2 1 1 1
node 3 1 1 3
node 4 1 0 2
node 27 1 0 0
gene  1 1 4 -6.650834125620612 0 1.0 -6.650834125620612 1
gene  2 2 4 -4.802660061308045 0 2.0 -4.802660061308045 1
gene  3 3 4 -11.445235930128522 0 3.0 -11.445235930128522 1
gene  3 1 27 4.900881948101665 0 80.0 4.900881948101665 1
gene  2 27 4 19.228084056385242 0 81.0 19.228084056385242 1
gene  2 3 27 -0.5700242581662662 0 109.0 -0.5700242581662662 1
gene  2 2 27 6.039200668019973 0 113.0 6.039200668019973 1
genomeend 53
