genomestart  173
trait 1 0.1 0.8547064134552635 0.0037666697821318483 0.0 0.8618570098948919 0.34187400946385177 0.006918479051791198 0.0 
trait 2 0.2 0.0 0.0 0.05101173960322635 0.0 0.007846789930717466 0.0 0.0 
trait 3 0.3 0.0 0.0 0.0 0.0 0.0 0.0 0.0 
node 1 1 1 1
node 2 1 1 1
node 3 1 1 3
node 4 3 0 2
node 242 1 0 0
gene  1 1 4 -1.3432915175938296 0 1.0 -1.3432915175938296 1
gene  1 2 4 -1.32896274074928 0 2.0 -1.32896274074928 1
gene  3 3 4 1.8624847841666887 0 3.0 1.8624847841666887 1
gene  1 2 242 -1.4716162683318228 0 1075.0 -1.4716162683318228 1
gene  1 242 4 -3.9727085425626383 0 1076.0 -3.9727085425626383 1
gene  1 1 242 -7.3547447391301715 0 1169.0 -7.3547447391301715 1
genomeend 173
