genomestart  50
trait 1 0.1 0.0 0.0 0.0 0.0 0.0 0.0 0.0 
trait 2 0.2 0.0 0.0 0.0 0.0 0.0 0.0 0.0 
trait 3 1.199151331198746 0.0 0.0 0.0 0.20841105937580062 0.0 0.0 0.30695160929369625 
node 1 3 1 1
node 2 1 1 1
node 3 1 1 3
node 4 1 0 2
node 27 1 0 0
gene  1 1 4 -6.1759945342479226 0 1.0 -6.1759945342479226 1
gene  2 2 4 -3.8011791043531327 0 2.0 -3.8011791043531327 1
gene  3 3 4 -11.645226959131657 0 3.0 -11.645226959131657 1
gene  3 1 27 8.777437494105643 0 80.0 8.777437494105643 1
gene  1 27 4 21.335643339842385 0 81.0 21.335643339842385 1
gene  2 3 27 -3.0958527274209566 0 109.0 -3.0958527274209566 1
gene  2 2 27 9.41933582226363 0 113.0 9.41933582226363 1
genomeend 50
