genomestart  35
trait 1 0.1 0.0 0.0 0.0 0.0 0.0 0.0 0.0 
trait 2 0.2 0.0 0.0 0.0 0.0 0.0 0.0 0.0 
trait 3 1.199151331198746 0.0 0.0 0.0 0.20841105937580062 0.0 0.0 0.30695160929369625 
node 1 3 1 1
node 2 1 1 1
node 3 3 1 3
node 4 1 0 2
node 27 1 0 0
gene  1 1 4 -8.832850291089681 0 1.0 -8.832850291089681 1
gene  2 2 4 -7.500427014740034 0 2.0 -7.500427014740034 1
gene  3 3 4 -9.103224373026425 0 3.0 -9.103224373026425 1
gene  3 1 27 8.931314936112116 0 80.0 8.931314936112116 1
gene  1 27 4 19.596602140812823 0 81.0 19.596602140812823 1
gene  2 3 27 -3.8086710906032093 0 109.0 -3.8086710906032093 1
gene  2 2 27 7.321272451717535 0 113.0 7.321272451717535 1
genomeend 35
