genomestart  64
trait 1 0.1 0.0 0.0 0.0 0.0 0.0 0.0 0.0 
trait 2 0.2 0.0 0.0 0.0 0.0 0.0 0.0 0.0 
trait 3 0.9774896173313197 0.0 0.0 0.0 0.0 0.0 0.0 0.30695160929369625 
node 1 3 1 1
node 2 1 1 1
node 3 1 1 3
node 4 1 0 2
node 27 1 0 0
gene  1 1 4 -2.286679559463601 0 1.0 -2.286679559463601 1
gene  2 2 4 -2.9344856910598542 0 2.0 -2.9344856910598542 1
gene  3 3 4 -12.44408425340108 0 3.0 -12.44408425340108 1
gene  3 1 27 2.90344389817025 0 80.0 2.90344389817025 1
gene  1 27 4 16.83668770064433 0 81.0 16.83668770064433 1
gene  2 3 27 -2.4087261863010387 0 109.0 -2.4087261863010387 1
gene  2 2 27 3.402367134457166 0 113.0 3.402367134457166 1
genomeend 64
