genomestart  124
trait 1 0.0 0.4164991608900766 0.0 0.024130898090710368 0.0 0.0 0.0 0.0 
trait 2 0.24344716250459295 0.0 0.0 0.5136909437064322 0.0 0.23038413510262534 0.0 0.0 
trait 3 0.3 0.019853236171330516 0.4501264478379223 0.0 0.0 0.6568022356739168 0.028566163676391813 0.41597304963488424 
node 1 3 1 1
node 2 2 1 1
node 3 1 1 3
node 4 1 0 2
node 7 1 0 0
node 37 1 0 0
node 81 1 0 0
gene  1 1 4 -2.896127823547365 0 1.0 -2.896127823547365 0
gene  2 2 4 -2.157446842704825 0 2.0 -2.157446842704825 1
gene  1 3 4 -3.4049245778759047 0 3.0 -3.4049245778759047 1
gene  2 1 7 8.177262436093734 0 8.0 8.177262436093734 1
gene  1 7 4 8.43803383997336 0 9.0 8.43803383997336 1
gene  2 2 7 7.766688239346843 0 12.0 7.766688239346843 1
gene  1 1 37 0.3044171271563876 0 117.0 0.3044171271563876 1
gene  1 37 4 2.6502792283118755 0 118.0 2.6502792283118755 1
gene  2 3 37 -2.474514833103533 0 190.0 -2.474514833103533 1
gene  3 7 37 -5.906804431760085 0 250.0 -5.906804431760085 1
gene  1 1 81 5.297078243771092 0 354.0 5.297078243771092 1
gene  1 81 4 -3.577752200485261 0 355.0 -3.577752200485261 1
gene  2 3 7 -1.3296118178309233 0 377.0 -1.3296118178309233 1
gene  3 2 37 -6.621266217146279 0 407.0 -6.621266217146279 1
genomeend 124
