genomestart  37
trait 1 0.08750000000000001 0.11197210561720429 0.0 0.020591699704072847 0.0 0.0 0.0 0.0 
trait 2 0.2 0.0 0.0 0.0 0.0 0.0 0.0 0.0 
trait 3 0.3 0.0 0.5648645619926869 0.0 0.0 0.7365003235522505 0.0 0.5546307328465123 
node 1 2 1 1
node 2 2 1 1
node 3 1 1 3
node 4 1 0 2
node 7 1 0 0
gene  1 1 4 -0.4262033991337788 0 1.0 -0.4262033991337788 1
gene  2 2 4 -0.9675809677319924 0 2.0 -0.9675809677319924 1
gene  3 3 4 -3.5324486222223603 0 3.0 -3.5324486222223603 1
gene  1 1 7 0.7829348774893747 0 8.0 0.7829348774893747 1
gene  1 7 4 4.7440336349415855 0 9.0 4.7440336349415855 1
gene  2 2 7 0.777342602259296 0 12.0 0.777342602259296 1
genomeend 37
