genomestart  45
trait 1 0.1 0.0 0.0 0.0 0.0 0.0 0.0 0.0 
trait 2 0.2 0.0 0.0 0.0 0.0 0.0 0.0 0.0 
trait 3 1.199151331198746 0.0 0.0 0.0 0.20841105937580062 0.0 0.0 0.30695160929369625 
node 1 3 1 1
node 2 1 1 1
node 3 3 1 3
node 4 1 0 2
node 27 1 0 0
gene  1 1 4 -8.251126651253891 0 1.0 -8.251126651253891 1
gene  2 2 4 -6.692699538687661 0 2.0 -6.692699538687661 1
gene  3 3 4 -9.999200462239138 0 3.0 -9.999200462239138 1
gene  3 1 27 8.196157098440791 0 80.0 8.196157098440791 1
gene  1 27 4 21.968886399531137 0 81.0 21.968886399531137 1
gene  2 3 27 -3.3330202233233313 0 109.0 -3.3330202233233313 1
gene  2 2 27 9.048395698496783 0 113.0 9.048395698496783 1
genomeend 45
