genomestart  38
trait 1 0.1 0.0 0.0 0.0 0.0 0.0 0.0 0.0 
trait 2 0.2 0.0 0.0 0.0 0.0 0.0 0.0 0.0 
trait 3 1.199151331198746 0.0 0.0 0.0 0.20841105937580062 0.0 0.0 0.30695160929369625 
node 1 3 1 1
node 2 1 1 1
node 3 3 1 3
node 4 1 0 2
node 27 1 0 0
gene  1 1 4 -9.491354607607459 0 1.0 -9.491354607607459 1
gene  2 2 4 -6.524640896114345 0 2.0 -6.524640896114345 1
gene  3 3 4 -10.764274976741026 0 3.0 -10.764274976741026 1
gene  3 1 27 8.506516590285848 0 80.0 8.506516590285848 1
gene  1 27 4 20.784207556763395 0 81.0 20.784207556763395 1
gene  2 3 27 -2.9022013516419385 0 109.0 -2.9022013516419385 1
gene  2 2 27 6.625322808148014 0 113.0 6.625322808148014 1
genomeend 38
