genomestart  29
trait 1 0.05690637560727929 0.0 0.0 0.5295203930149014 0.6874495760107049 0.2612176252586514 0.24942653363099265 0.0037586221827266564 
trait 2 0.2 0.0 0.0 0.0 0.0 0.0 0.0 0.0 
trait 3 0.3459898992173307 0.0 0.0 0.0 0.0 0.09782773495057207 0.08357976993086841 0.07101291069219386 
node 1 1 1 1
node 2 1 1 1
node 3 1 1 3
node 4 1 0 2
node 12 1 0 0
gene  1 1 4 -2.022373989096738 0 1.0 -2.022373989096738 1
gene  2 2 4 -5.420935270207909 0 2.0 -5.420935270207909 1
gene  3 3 4 -8.098026576651094 0 3.0 -8.098026576651094 1
gene  1 1 12 0.49872461186468175 0 21.0 0.49872461186468175 1
gene  1 12 4 14.90753083858425 0 22.0 14.90753083858425 1
gene  3 2 12 8.359427346247918 0 36.0 8.359427346247918 1
genomeend 29
