genomestart  48
trait 1 0.1 0.0 0.0 0.0 0.0 0.0 0.0 0.0 
trait 2 0.2 0.0 0.0 0.0 0.0 0.0 0.0 0.0 
trait 3 1.199151331198746 0.0 0.0 0.0 0.20841105937580062 0.0 0.0 0.30695160929369625 
node 1 2 1 1
node 2 1 1 1
node 3 1 1 3
node 4 1 0 2
node 27 1 0 0
gene  1 1 4 -7.028559480324926 0 1.0 -7.028559480324926 1
gene  2 2 4 -5.432462817609072 0 2.0 -5.432462817609072 1
gene  3 3 4 -11.496260750406398 0 3.0 -11.496260750406398 1
gene  3 1 27 4.395780860045583 0 80.0 4.395780860045583 1
gene  1 27 4 23.307952252289876 0 81.0 23.307952252289876 1
gene  2 3 27 -1.2848107095237555 0 109.0 -1.2848107095237555 1
gene  2 2 27 6.963278191016628 0 113.0 6.963278191016628 1
genomeend 48
