genomestart  10
trait 1 0.1 0.0 0.0 0.0 0.0 0.0 0.0 0.0 
trait 2 0.2 0.0 0.0 0.0 0.0 0.0 0.0 0.0 
trait 3 1.151261093921767 0.0 0.0 1.4184737047667049 0.20136119511435402 0.0 0.0 0.0 
node 1 3 1 1
node 2 1 1 1
node 3 3 1 3
node 4 1 0 2
node 27 3 0 0
gene  1 1 4 -12.681312337255344 0 1.0 -12.681312337255344 1
gene  2 2 4 -13.925983220386692 0 2.0 -13.925983220386692 1
gene  3 3 4 -8.409836666772371 0 3.0 -8.409836666772371 1
gene  3 1 27 7.066536057139073 0 80.0 7.066536057139073 1
gene  1 27 4 27.85851339051962 0 81.0 27.85851339051962 1
gene  2 3 27 -3.2512471559974556 0 109.0 -3.2512471559974556 1
gene  2 2 27 8.790742294373313 0 113.0 8.790742294373313 1
genomeend 10
