genomestart  47
trait 1 0.05690637560727929 0.0 0.0 0.6901981866966608 0.8022746289513055 0.04609093525261569 9.468887663110683E-4 0.0 
trait 2 0.2 0.0 0.0 0.0 0.0 0.0 0.0 0.0 
trait 3 0.13574251507500712 0.0 0.0 0.6366367611295767 0.0 0.09782773495057207 0.08357976993086841 0.6602207848707184 
node 1 1 1 1
node 2 1 1 1
node 3 1 1 3
node 4 1 0 2
node 12 1 0 0
gene  1 1 4 -0.48532455886790005 0 1.0 -0.48532455886790005 1
gene  2 2 4 -4.281388137702254 0 2.0 -4.281388137702254 1
gene  3 3 4 -6.442511482609121 0 3.0 -6.442511482609121 1
gene  1 1 12 2.2178886415957635 0 21.0 2.2178886415957635 1
gene  1 12 4 10.942061210368843 0 22.0 10.942061210368843 1
gene  3 2 12 9.769858835992137 0 36.0 9.769858835992137 1
genomeend 47
