genomestart  189
trait 1 0.24752282297412978 0.06580111076468545 0.0 0.20831024849334967 0.025071082154728298 0.0486669310329602 9.998098331782134E-4 0.0 
trait 2 0.2 0.0 0.0 0.0 0.0 0.0 0.0 0.0 
trait 3 0.34758106760543034 0.0 0.0 0.0 0.0 0.10121239988747802 0.08647148072088728 0.07346983059337467 
node 1 1 1 1
node 2 1 1 1
node 3 1 1 3
node 4 1 0 2
node 12 1 0 0
node 37 1 0 0
node 45 1 0 0
gene  1 1 4 -0.3923399632691929 0 1.0 -0.3923399632691929 1
gene  2 2 4 -0.49785939473424745 0 2.0 -0.49785939473424745 1
gene  3 3 4 -1.6899957698373673 0 3.0 -1.6899957698373673 1
gene  1 1 12 8.408933286102613 0 21.0 8.408933286102613 1
gene  1 12 4 4.592068711140296 0 22.0 4.592068711140296 1
gene  3 2 12 4.342499955869444 0 36.0 4.342499955869444 1
gene  1 3 12 -0.41097935953629006 0 86.0 -0.41097935953629006 1
gene  1 1 37 2.2563128615121286 0 117.0 2.2563128615121286 1
gene  1 37 4 -2.461497237398898 0 118.0 -2.461497237398898 1
gene  1 1 45 1.36905653477606 0 170.0 1.36905653477606 1
gene  1 45 4 0.33080535842904324 0 171.0 0.33080535842904324 1
gene  1 2 45 -2.146239387205867 0 184.0 -2.146239387205867 1
gene  3 37 45 -3.7460137489690113 0 229.0 -3.7460137489690113 1
gene  2 12 45 -0.8308694477501261 0 240.0 -0.8308694477501261 1
genomeend 189
