genomestart  11
trait 1 0.1 0.0 0.0 0.0 0.0 0.0 0.0 0.0 
trait 2 0.2 0.0 0.0 0.0 0.0 0.0 0.0 0.0 
trait 3 1.151261093921767 0.0 0.0 1.4184737047667049 0.20136119511435402 0.0 0.0 0.0 
node 1 3 1 1
node 2 1 1 1
node 3 3 1 3
node 4 1 0 2
node 27 3 0 0
gene  1 1 4 -15.649937673228132 0 1.0 -15.649937673228132 1
gene  2 2 4 -13.040144521329381 0 2.0 -13.040144521329381 1
gene  3 3 4 -5.736880335410533 0 3.0 -5.736880335410533 1
gene  3 1 27 8.744403693531762 0 80.0 8.744403693531762 1
gene  1 27 4 25.63053135345297 0 81.0 25.63053135345297 1
gene  2 3 27 -3.656670284536423 0 109.0 -3.656670284536423 1
gene  2 2 27 7.609430205159892 0 113.0 7.609430205159892 1
genomeend 11
