genomestart  12
trait 1 0.1 0.0 0.0 0.0 0.0 0.0 0.0 0.0 
trait 2 0.2 0.0 0.0 0.0 0.0 0.0 0.0 0.0 
trait 3 1.151261093921767 0.0 0.0 1.4184737047667049 0.20136119511435402 0.0 0.0 0.0 
node 1 3 1 1
node 2 1 1 1
node 3 3 1 3
node 4 1 0 2
node 27 3 0 0
gene  1 1 4 -15.250356838778423 0 1.0 -15.250356838778423 1
gene  2 2 4 -13.818926562378971 0 2.0 -13.818926562378971 1
gene  3 3 4 -5.954196752675828 0 3.0 -5.954196752675828 1
gene  3 1 27 7.983709060608334 0 80.0 7.983709060608334 1
gene  1 27 4 27.483894768468968 0 81.0 27.483894768468968 1
gene  2 3 27 -5.531152209512941 0 109.0 -5.531152209512941 1
gene  2 2 27 5.794613731244191 0 113.0 5.794613731244191 1
genomeend 12
