genomestart  54
trait 1 0.1 0.0 0.0 0.0 0.0 0.0 0.0 0.0 
trait 2 0.2 0.0 0.0 0.0 0.0 0.0 0.0 0.0 
trait 3 1.199151331198746 0.0 0.0 0.0 0.20841105937580062 0.0 0.0 0.30695160929369625 
node 1 3 1 1
node 2 1 1 1
node 3 1 1 3
node 4 1 0 2
node 27 1 0 0
gene  1 1 4 -6.8250071607833505 0 1.0 -6.8250071607833505 1
gene  2 2 4 -4.5840422725836785 0 2.0 -4.5840422725836785 1
gene  3 3 4 -11.105123247713037 0 3.0 -11.105123247713037 1
gene  3 1 27 4.158141178153904 0 80.0 4.158141178153904 1
gene  1 27 4 21.992676208148012 0 81.0 21.992676208148012 1
gene  2 3 27 -2.7468242712052495 0 109.0 -2.7468242712052495 1
gene  2 2 27 8.077407761001375 0 113.0 8.077407761001375 1
genomeend 54
