genomestart  10
trait 1 0.1 0.0 0.0 0.0 0.0 0.0 0.0 0.0 
trait 2 0.2 0.0 0.0 0.0 0.0 0.0 0.0 0.0 
trait 3 1.151261093921767 0.0 0.0 1.4184737047667049 0.20136119511435402 0.0 0.0 0.0 
node 1 3 1 1
node 2 1 1 1
node 3 3 1 3
node 4 1 0 2
node 27 3 0 0
gene  1 1 4 -13.558952241819838 0 1.0 -13.558952241819838 1
gene  2 2 4 -14.623496198434749 0 2.0 -14.623496198434749 1
gene  3 3 4 -6.377209808129948 0 3.0 -6.377209808129948 1
gene  3 1 27 5.614305769293016 0 80.0 5.614305769293016 1
gene  1 27 4 26.461457107813978 0 81.0 26.461457107813978 1
gene  2 3 27 -3.7021148128609855 0 109.0 -3.7021148128609855 1
gene  2 2 27 5.346211373556585 0 113.0 5.346211373556585 1
genomeend 10
