genomestart  22
trait 1 0.1 0.0 0.0 0.0 0.0 0.0 0.0 0.0 
trait 2 0.2 0.0 0.0 0.0 0.0 0.0 0.0 0.0 
trait 3 1.199151331198746 0.0 0.0 0.0 0.20841105937580062 0.0 0.0 0.30695160929369625 
node 1 3 1 1
node 2 1 1 1
node 3 3 1 3
node 4 1 0 2
node 27 1 0 0
gene  1 1 4 -13.52149050915669 0 1.0 -13.52149050915669 1
gene  2 2 4 -10.112319143409932 0 2.0 -10.112319143409932 1
gene  3 3 4 -5.0702510456947385 0 3.0 -5.0702510456947385 1
gene  3 1 27 9.178924691185628 0 80.0 9.178924691185628 1
gene  1 27 4 22.582302556125182 0 81.0 22.582302556125182 1
gene  2 3 27 -4.249056231278129 0 109.0 -4.249056231278129 1
gene  2 2 27 5.078910813919159 0 113.0 5.078910813919159 1
genomeend 22
