genomestart  18
trait 1 0.1 0.0 0.0 0.0 0.0 0.0 0.0 0.0 
trait 2 0.2 0.0 0.0 0.0 0.0 0.0 0.0 0.0 
trait 3 1.151261093921767 0.0 0.0 1.4184737047667049 0.20136119511435402 0.0 0.0 0.0 
node 1 3 1 1
node 2 1 1 1
node 3 3 1 3
node 4 1 0 2
node 27 3 0 0
gene  1 1 4 -13.966257988280043 0 1.0 -13.966257988280043 1
gene  2 2 4 -11.275056726226298 0 2.0 -11.275056726226298 1
gene  3 3 4 -7.2517663358345725 0 3.0 -7.2517663358345725 1
gene  3 1 27 7.6826340651673615 0 80.0 7.6826340651673615 1
gene  1 27 4 26.321023537387905 0 81.0 26.321023537387905 1
gene  2 3 27 -3.4423518238066086 0 109.0 -3.4423518238066086 1
gene  2 2 27 7.681400419092656 0 113.0 7.681400419092656 1
genomeend 18
