genomestart  15
trait 1 0.1 0.0 0.0 0.0 0.0 0.0 0.0 0.0 
trait 2 0.2 0.0 0.0 0.0 0.0 0.0 0.0 0.0 
trait 3 1.151261093921767 0.0 0.0 1.4184737047667049 0.20136119511435402 0.0 0.0 0.0 
node 1 3 1 1
node 2 1 1 1
node 3 3 1 3
node 4 1 0 2
node 27 3 0 0
gene  1 1 4 -11.107027931821477 0 1.0 -11.107027931821477 1
gene  2 2 4 -12.879322111884806 0 2.0 -12.879322111884806 1
gene  3 3 4 -8.342936331248415 0 3.0 -8.342936331248415 1
gene  3 1 27 6.947022357738118 0 80.0 6.947022357738118 1
gene  1 27 4 26.926344735015693 0 81.0 26.926344735015693 1
gene  2 3 27 -4.142196230498152 0 109.0 -4.142196230498152 1
gene  2 2 27 6.923695450757579 0 113.0 6.923695450757579 1
genomeend 15
