genomestart  44
trait 1 0.1 0.0 0.0 0.0 0.0 0.0 0.0 0.0 
trait 2 0.2 0.0 0.0 0.0 0.0 0.0 0.0 0.0 
trait 3 1.199151331198746 0.0 0.0 0.0 0.20841105937580062 0.0 0.0 0.30695160929369625 
node 1 3 1 1
node 2 1 1 1
node 3 1 1 3
node 4 1 0 2
node 27 1 0 0
gene  1 1 4 -8.418733182774826 0 1.0 -8.418733182774826 1
gene  2 2 4 -4.99705741791397 0 2.0 -4.99705741791397 1
gene  3 3 4 -12.877773054859663 0 3.0 -12.877773054859663 1
gene  3 1 27 7.387766000306948 0 80.0 7.387766000306948 1
gene  1 27 4 24.45446537853054 0 81.0 24.45446537853054 1
gene  2 3 27 -5.23553235288706 0 109.0 -5.23553235288706 1
gene  2 2 27 8.409588198250121 0 113.0 8.409588198250121 1
genomeend 44
