genomestart  56
trait 1 0.1 0.0 0.0 0.0 0.0 0.0 0.0 0.0 
trait 2 0.2 0.0 0.0 0.0 0.0 0.0 0.0 0.0 
trait 3 0.9774896173313197 0.0 0.0 0.0 0.0 0.0 0.0 0.30695160929369625 
node 1 3 1 1
node 2 1 1 1
node 3 1 1 3
node 4 1 0 2
node 27 1 0 0
gene  1 1 4 -3.643775515876081 0 1.0 -3.643775515876081 1
gene  2 2 4 -4.386369211989576 0 2.0 -4.386369211989576 1
gene  3 3 4 -11.930486122944682 0 3.0 -11.930486122944682 1
gene  3 1 27 4.064638579511204 0 80.0 4.064638579511204 1
gene  1 27 4 18.78140661125745 0 81.0 18.78140661125745 1
gene  2 3 27 -3.538109649273713 0 109.0 -3.538109649273713 1
gene  2 2 27 4.040940346423055 0 113.0 4.040940346423055 1
genomeend 56
