genomestart  52
trait 1 0.1 0.0 0.0 0.0 0.0 0.0 0.0 0.0 
trait 2 0.2 0.0 0.0 0.0 0.0 0.0 0.0 0.0 
trait 3 1.199151331198746 0.0 0.0 0.0 0.20841105937580062 0.0 0.0 0.30695160929369625 
node 1 3 1 1
node 2 1 1 1
node 3 1 1 3
node 4 1 0 2
node 27 1 0 0
gene  1 1 4 -7.748330367364289 0 1.0 -7.748330367364289 1
gene  2 2 4 -3.068074308497527 0 2.0 -3.068074308497527 1
gene  3 3 4 -11.82260172650403 0 3.0 -11.82260172650403 1
gene  3 1 27 6.1588409125715255 0 80.0 6.1588409125715255 1
gene  1 27 4 21.29091476163357 0 81.0 21.29091476163357 1
gene  2 3 27 -4.457184779594082 0 109.0 -4.457184779594082 1
gene  2 2 27 8.19326049836957 0 113.0 8.19326049836957 1
genomeend 52
