genomestart  164
trait 1 0.0853515625 0.13121731127016129 0.0 0.024130898090710368 0.0 0.0 0.0 0.0 
trait 2 0.0 0.0 0.03420370051487321 0.0 0.0 0.04194257483884601 0.0 0.0 
trait 3 0.3 0.019853236171330516 0.4501264478379223 0.0 0.0 0.6568022356739168 0.028566163676391813 0.41597304963488424 
node 1 2 1 1
node 2 2 1 1
node 3 1 1 3
node 4 1 0 2
node 7 1 0 0
node 37 1 0 0
node 89 1 0 0
gene  1 1 4 -3.7672020270509945 0 1.0 -3.7672020270509945 0
gene  2 2 4 -2.755992761651864 0 2.0 -2.755992761651864 1
gene  3 3 4 -3.045213798854853 0 3.0 -3.045213798854853 1
gene  1 1 7 9.010125205192587 0 8.0 9.010125205192587 1
gene  1 7 4 4.493769904935225 0 9.0 4.493769904935225 1
gene  2 2 7 0.7986019997652603 0 12.0 0.7986019997652603 1
gene  2 3 7 -0.3245257914322919 0 64.0 -0.3245257914322919 1
gene  1 1 37 -0.8580944616722632 0 117.0 -0.8580944616722632 1
gene  1 37 4 0.16973113139967055 0 118.0 0.16973113139967055 1
gene  3 7 37 -7.404339444522147 0 155.0 -7.404339444522147 1
gene  3 3 37 -14.184552992494616 0 167.0 -14.184552992494616 1
gene  2 2 37 0.42281306241535654 0 222.0 0.42281306241535654 1
gene  1 1 89 -3.9932547533926996 0 386.0 -3.9932547533926996 1
gene  1 89 4 2.225742530347575 0 387.0 2.225742530347575 1
gene  3 3 89 3.0270175350503266 0 432.0 3.0270175350503266 1
gene  2 89 37 -4.844992332044286 0 485.0 -4.844992332044286 1
genomeend 164
