genomestart  30
trait 1 0.1 0.0 0.0 0.0 0.0 0.0 0.0 0.0 
trait 2 0.2 0.0 0.0 0.0 0.0 0.0 0.0 0.0 
trait 3 1.199151331198746 0.0 0.0 0.0 0.20841105937580062 0.0 0.0 0.30695160929369625 
node 1 3 1 1
node 2 1 1 1
node 3 3 1 3
node 4 1 0 2
node 27 1 0 0
gene  1 1 4 -9.542324198188872 0 1.0 -9.542324198188872 1
gene  2 2 4 -6.875648632043778 0 2.0 -6.875648632043778 1
gene  3 3 4 -11.884722869091592 0 3.0 -11.884722869091592 1
gene  3 1 27 5.533639386285378 0 80.0 5.533639386285378 1
gene  1 27 4 22.469146745591214 0 81.0 22.469146745591214 1
gene  3 3 27 -2.5241037406042937 0 109.0 -2.5241037406042937 1
gene  2 2 27 9.148871801593417 0 113.0 9.148871801593417 1
genomeend 30
