genomestart  15
trait 1 0.1 0.0 0.0 0.0 0.0 0.0 0.0 0.0 
trait 2 0.2 0.0 0.0 0.0 0.0 0.0 0.0 0.0 
trait 3 1.199151331198746 0.0 0.0 0.0 0.20841105937580062 0.0 0.0 0.30695160929369625 
node 1 3 1 1
node 2 1 1 1
node 3 3 1 3
node 4 1 0 2
node 27 1 0 0
gene  1 1 4 -9.630886628489044 0 1.0 -9.630886628489044 1
gene  2 2 4 -9.563325322530993 0 2.0 -9.563325322530993 1
gene  3 3 4 -6.66996006368862 0 3.0 -6.66996006368862 1
gene  3 1 27 3.110548523676878 0 80.0 3.110548523676878 1
gene  1 27 4 22.947516633849 0 81.0 22.947516633849 1
gene  2 3 27 -1.277645703535923 0 109.0 -1.277645703535923 1
gene  2 2 27 4.149868054155902 0 113.0 4.149868054155902 1
genomeend 15
