genomestart  6
trait 1 0.08750000000000001 0.11197210561720429 0.0 0.020591699704072847 0.0 0.0 0.0 0.0 
trait 2 0.2 0.0 0.0 0.0 0.0 0.0 0.0 0.0 
trait 3 0.3 0.0 0.5648645619926869 0.0 0.0 0.7365003235522505 0.0 0.5546307328465123 
node 1 2 1 1
node 2 2 1 1
node 3 1 1 3
node 4 2 0 2
node 7 1 0 0
gene  1 1 4 -2.976539755033431 0 1.0 -2.976539755033431 1
gene  2 2 4 0.6214825801334328 0 2.0 0.6214825801334328 1
gene  3 3 4 -0.4240058964408471 0 3.0 -0.4240058964408471 1
gene  1 1 7 2.450939681571445 0 8.0 2.450939681571445 1
gene  1 7 4 8.562088294125601 0 9.0 8.562088294125601 1
gene  2 2 7 -0.8247166262146455 0 12.0 -0.8247166262146455 1
gene  2 3 7 -1.7788882186163741 0 377.0 -1.7788882186163741 1
genomeend 6
