genomestart  22
trait 1 0.1 0.0 0.0 0.0 0.0 0.0 0.0 0.0 
trait 2 0.2 0.0 0.0 0.0 0.0 0.0 0.0 0.0 
trait 3 1.199151331198746 0.0 0.0 0.0 0.20841105937580062 0.0 0.0 0.30695160929369625 
node 1 3 1 1
node 2 1 1 1
node 3 3 1 3
node 4 1 0 2
node 27 1 0 0
gene  1 1 4 -12.045975966381897 0 1.0 -12.045975966381897 1
gene  2 2 4 -11.653610630072041 0 2.0 -11.653610630072041 1
gene  3 3 4 -7.4652390666654815 0 3.0 -7.4652390666654815 1
gene  3 1 27 7.692833553655736 0 80.0 7.692833553655736 1
gene  1 27 4 23.67284873840917 0 81.0 23.67284873840917 1
gene  2 3 27 -3.495337745616139 0 109.0 -3.495337745616139 1
gene  2 2 27 6.5421900081652105 0 113.0 6.5421900081652105 1
genomeend 22
