genomestart  5
trait 1 0.0 0.0996959996336042 0.0 0.0 0.0 0.17980252092901416 0.0 0.0 
trait 2 0.2 0.0 0.0 0.0 0.0 0.0 0.0 0.0 
trait 3 0.3 0.0 0.0 0.8153466414577913 0.0 0.0 0.0 0.16360210646758178 
node 1 2 1 1
node 2 2 1 1
node 3 1 1 3
node 4 1 0 2
node 7 2 0 0
node 14 1 0 0
node 17 1 0 0
node 28 1 0 0
gene  1 1 4 -3.0903078916247266 0 1.0 -3.0903078916247266 1
gene  2 2 4 -5.157823213079986 0 2.0 -5.157823213079986 1
gene  3 3 4 -4.859579692417565 0 3.0 -4.859579692417565 1
gene  1 1 7 -0.5740460205813958 0 8.0 -0.5740460205813958 0
gene  1 7 4 10.340168676627634 0 9.0 10.340168676627634 1
gene  2 1 14 -1.329781400174692 0 27.0 -1.329781400174692 1
gene  1 14 4 1.9358757964487059 0 28.0 1.9358757964487059 1
gene  2 2 17 -1.2967406221717095 0 37.0 -1.2967406221717095 1
gene  2 17 4 5.173870234060816 0 38.0 5.173870234060816 1
gene  2 1 17 -1.986216239839802 0 54.0 -1.986216239839802 1
gene  3 1 28 0.9073799414814679 0 78.0 0.9073799414814679 1
gene  1 28 7 3.3463613564081993 0 79.0 3.3463613564081993 1
gene  3 17 7 -9.930042946402299 0 148.0 -9.930042946402299 1
gene  1 3 7 -0.7215168058878496 0 1174.0 -0.7215168058878496 1
genomeend 5
