genomestart  195
trait 1 0.1828018383578469 0.511646722685368 0.887916213060954 0.16740380527481824 0.0 0.8682455558581392 0.0 0.20858169628672263 
trait 2 0.2 0.0 0.0 0.0 0.0 0.0 0.0 0.011377811850802742 
trait 3 0.40500261316494196 0.5332891832981644 0.19951034042631954 0.0 0.0 0.2282007844791084 0.0 0.09301400611535382 
node 1 1 1 1
node 2 1 1 1
node 3 1 1 3
node 4 1 0 2
node 7 3 0 0
node 11 1 0 0
node 31 2 0 0
node 44 3 0 0
node 265 1 0 0
gene  3 1 4 -0.14688414962469198 0 1.0 -0.14688414962469198 1
gene  3 2 4 1.6201454413446537 0 2.0 1.6201454413446537 0
gene  3 3 4 16.188691255953906 0 3.0 16.188691255953906 1
gene  2 1 7 6.965965725493425 0 8.0 6.965965725493425 1
gene  1 7 4 1.994382703692017 0 9.0 1.994382703692017 1
gene  1 2 11 -4.465592062190819 0 19.0 -4.465592062190819 1
gene  2 11 4 0.44311977341167386 0 20.0 0.44311977341167386 0
gene  1 3 11 -8.742991708185126 0 60.0 -8.742991708185126 1
gene  3 1 31 -1.9545018999937454 0 88.0 -1.9545018999937454 1
gene  1 31 7 -13.484997816346253 0 89.0 -13.484997816346253 1
gene  1 7 44 -2.3203549571481377 0 138.0 -2.3203549571481377 1
gene  1 44 4 -27.341550437285306 0 139.0 -27.341550437285306 1
gene  3 2 44 -2.131316069839737 0 144.0 -2.131316069839737 1
gene  3 2 31 2.4010712401565635 0 243.0 2.4010712401565635 1
gene  2 31 44 1.774845326491101 0 332.0 1.774845326491101 1
gene  1 1 44 0.5029618145673878 0 968.0 0.5029618145673878 1
gene  2 11 265 -0.39647652313632187 0 1195.0 -0.39647652313632187 1
gene  2 265 4 -5.431860061892112 0 1196.0 -5.431860061892112 1
gene  2 31 265 4.781693928316425 0 1314.0 4.781693928316425 1
gene  2 7 265 -1.3014538663852306 0 1328.0 -1.3014538663852306 1
gene  3 1 11 6.511417030498286 0 1348.0 6.511417030498286 1
genomeend 195
