genomestart  45
trait 1 0.1 0.0 0.0 0.0 0.0 0.0 0.0 0.0 
trait 2 0.2 0.0 0.0 0.0 0.0 0.0 0.0 0.0 
trait 3 1.199151331198746 0.0 0.0 0.0 0.20841105937580062 0.0 0.0 0.30695160929369625 
node 1 3 1 1
node 2 1 1 1
node 3 1 1 3
node 4 1 0 2
node 27 1 0 0
gene  2 1 4 -5.663965282959376 0 1.0 -5.663965282959376 1
gene  2 2 4 -3.057385416287242 0 2.0 -3.057385416287242 1
gene  3 3 4 -15.417707307723987 0 3.0 -15.417707307723987 1
gene  3 1 27 6.665985189385891 0 80.0 6.665985189385891 1
gene  1 27 4 22.187893225135866 0 81.0 22.187893225135866 1
gene  2 3 27 -5.861808413139905 0 109.0 -5.861808413139905 1
gene  2 2 27 8.512558931524802 0 113.0 8.512558931524802 1
genomeend 45
