genomestart  16
trait 1 0.0 0.0996959996336042 0.0 0.0 0.0 0.17980252092901416 0.0 0.0 
trait 2 0.2 0.0 0.0 0.0 0.0 0.0 0.0 0.0 
trait 3 0.3 0.0 0.0 0.0 0.0 0.0 0.0 0.0 
node 1 2 1 1
node 2 2 1 1
node 3 1 1 3
node 4 1 0 2
node 7 2 0 0
node 14 1 0 0
node 17 1 0 0
node 28 1 0 0
gene  1 1 4 -0.42204485440728495 0 1.0 -0.42204485440728495 1
gene  2 2 4 -4.107864139954322 0 2.0 -4.107864139954322 1
gene  3 3 4 -4.778781076872737 0 3.0 -4.778781076872737 1
gene  1 1 7 -2.7524839818292777 0 8.0 -2.7524839818292777 0
gene  1 7 4 8.578477270636322 0 9.0 8.578477270636322 1
gene  2 1 14 -0.9061390023911392 0 27.0 -0.9061390023911392 1
gene  1 14 4 2.29771287941724 0 28.0 2.29771287941724 1
gene  2 2 17 -3.4010911857543293 0 37.0 -3.4010911857543293 1
gene  2 17 4 5.339554102674096 0 38.0 5.339554102674096 1
gene  2 1 17 1.4115107773932112 0 54.0 1.4115107773932112 1
gene  1 1 28 3.012427970410934 0 78.0 3.012427970410934 1
gene  1 28 7 1.1050224573036798 0 79.0 1.1050224573036798 1
gene  3 17 7 -10.907929619280587 0 148.0 -10.907929619280587 1
genomeend 16
