genomestart  26
trait 1 0.7967452314742557 0.17845554332741934 0.0 0.0328180214033661 0.0 0.0 0.0 0.0 
trait 2 0.0 0.0 0.0 0.20631741608972873 0.0 0.3897432748031502 0.0 0.7538324996060509 
trait 3 0.4699729905849149 0.2310849248346033 0.21623721513782546 0.8577324532130781 0.2277504798096388 0.0 0.021860793569105474 0.0 
node 1 1 1 1
node 2 1 1 1
node 3 3 1 3
node 4 1 0 2
node 7 3 0 0
node 34 1 0 0
node 112 3 0 0
gene  1 1 4 -3.6526472779355013 0 1.0 -3.6526472779355013 1
gene  1 2 4 1.0837534914628408 0 2.0 1.0837534914628408 1
gene  3 3 4 4.310229108001551 0 3.0 4.310229108001551 1
gene  1 1 7 -2.1501307898828417 0 8.0 -2.1501307898828417 1
gene  2 7 4 14.169072235890585 0 9.0 14.169072235890585 1
gene  2 2 7 9.529118807880064 0 12.0 9.529118807880064 1
gene  2 3 7 7.367426577098874 0 64.0 7.367426577098874 1
gene  1 1 34 -6.714891545640684 0 105.0 -6.714891545640684 1
gene  1 34 7 -12.996123975601035 0 106.0 -12.996123975601035 1
gene  3 2 34 1.0947796955590667 0 144.0 1.0947796955590667 1
gene  2 34 4 -20.29585991051328 0 235.0 -20.29585991051328 1
gene  1 2 112 7.693717106300799 0 497.0 7.693717106300799 1
gene  2 112 4 14.23424883491038 0 498.0 14.23424883491038 1
gene  2 3 34 6.199019712416362 0 572.0 6.199019712416362 1
gene  3 34 112 -4.995940081931679 0 609.0 -4.995940081931679 1
gene  1 3 112 -0.2884497307704498 0 620.0 -0.2884497307704498 1
gene  3 7 112 -0.8437516742821632 0 670.0 -0.8437516742821632 1
gene  2 1 112 -3.5770180891903123 0 804.0 -3.5770180891903123 1
genomeend 26
