genomestart  136
trait 1 0.1 0.0 0.0 0.0 0.0 0.0 0.0 0.0 
trait 2 0.2 0.0 0.0 0.0 0.0 0.0 0.0 0.0 
trait 3 0.6376267350833316 0.0 0.0 0.0 0.0 0.0 0.0 0.06629462485645231 
node 1 1 1 1
node 2 1 1 1
node 3 1 1 3
node 4 1 0 2
node 27 1 0 0
node 43 1 0 0
node 58 1 0 0
node 72 1 0 0
node 103 1 0 0
gene  1 1 4 -5.08965137280236 0 1.0 -5.08965137280236 0
gene  2 2 4 5.810852354134932 0 2.0 5.810852354134932 0
gene  3 3 4 1.3337599983865747 0 3.0 1.3337599983865747 1
gene  2 1 27 -7.888472131928577 0 80.0 -7.888472131928577 1
gene  1 27 4 -1.6436728065231685 0 81.0 -1.6436728065231685 1
gene  2 3 27 0.9518206916406136 0 109.0 0.9518206916406136 1
gene  2 2 27 19.15784149477245 0 113.0 19.15784149477245 1
gene  2 2 43 -0.9055590258375336 0 157.0 -0.9055590258375336 1
gene  3 43 4 -4.0698068549436 0 158.0 -4.0698068549436 1
gene  1 1 43 2.177016761110455 0 224.0 2.177016761110455 1
gene  1 1 58 5.105961887407104 0 242.0 5.105961887407104 1
gene  1 58 4 0.933826563244502 0 243.0 0.933826563244502 0
gene  1 58 43 -12.285892183173553 0 288.0 -12.285892183173553 1
gene  1 1 72 -2.2165004230526577 0 318.0 -2.2165004230526577 1
gene  1 72 4 -2.0853990811017296 0 319.0 -2.0853990811017296 1
gene  1 27 72 -3.687561687663022 0 411.0 -3.687561687663022 1
gene  1 58 72 -2.3099405316883335 0 439.0 -2.3099405316883335 1
gene  1 58 103 -2.2887177297557413 0 451.0 -2.2887177297557413 1
gene  1 103 4 1.1709138136919697 0 452.0 1.1709138136919697 1
gene  2 2 58 -6.041452387229 0 585.0 -6.041452387229 1
gene  2 72 43 1.5557936821996994 0 677.0 1.5557936821996994 1
genomeend 136
