genomestart  12
trait 1 0.1 0.0 0.0 0.0 0.0 0.0 0.0 0.0 
trait 2 0.2 0.0 0.0 0.0 0.0 0.0 0.0 0.0 
trait 3 1.151261093921767 0.0 0.0 1.4184737047667049 0.20136119511435402 0.0 0.0 0.0 
node 1 3 1 1
node 2 1 1 1
node 3 3 1 3
node 4 1 0 2
node 27 3 0 0
gene  1 1 4 -14.954968990724538 0 1.0 -14.954968990724538 1
gene  2 2 4 -11.139795295316125 0 2.0 -11.139795295316125 1
gene  3 3 4 -4.754436743668686 0 3.0 -4.754436743668686 1
gene  3 1 27 9.23750146411911 0 80.0 9.23750146411911 1
gene  1 27 4 27.06546787235111 0 81.0 27.06546787235111 1
gene  2 3 27 -4.79584953358134 0 109.0 -4.79584953358134 1
gene  2 2 27 6.450360369633718 0 113.0 6.450360369633718 1
genomeend 12
