genomestart  15
trait 1 0.1 0.0 0.0 0.0 0.0 0.0 0.0 0.0 
trait 2 0.2 0.0 0.0 0.0 0.0 0.0 0.0 0.0 
trait 3 1.151261093921767 0.0 0.0 1.4184737047667049 0.20136119511435402 0.0 0.0 0.0 
node 1 3 1 1
node 2 1 1 1
node 3 3 1 3
node 4 1 0 2
node 27 3 0 0
gene  1 1 4 -13.25579544934265 0 1.0 -13.25579544934265 1
gene  2 2 4 -11.615386727076094 0 2.0 -11.615386727076094 1
gene  3 3 4 -7.2517663358345725 0 3.0 -7.2517663358345725 1
gene  3 1 27 6.639480775853071 0 80.0 6.639480775853071 1
gene  1 27 4 26.321023537387905 0 81.0 26.321023537387905 1
gene  2 3 27 -3.94752721731934 0 109.0 -3.94752721731934 1
gene  2 2 27 8.34979093453956 0 113.0 8.34979093453956 1
genomeend 15
