genomestart  23
trait 1 0.05690637560727929 0.0 0.0 0.5295203930149014 0.6874495760107049 0.2612176252586514 0.24942653363099265 0.0037586221827266564 
trait 2 0.2 0.0 0.0 0.0 0.0 0.0 0.0 0.0 
trait 3 0.3459898992173307 0.0 0.0 0.0 0.0 0.09782773495057207 0.08357976993086841 0.07101291069219386 
node 1 1 1 1
node 2 1 1 1
node 3 1 1 3
node 4 1 0 2
node 12 1 0 0
gene  1 1 4 -1.84816776071029 0 1.0 -1.84816776071029 1
gene  2 2 4 -2.4587249171413768 0 2.0 -2.4587249171413768 1
gene  3 3 4 -9.785731684678613 0 3.0 -9.785731684678613 1
gene  1 1 12 0.4707187638530973 0 21.0 0.4707187638530973 1
gene  1 12 4 13.733500324188892 0 22.0 13.733500324188892 1
gene  3 2 12 9.352445868590921 0 36.0 9.352445868590921 1
genomeend 23
