genomestart  34
trait 1 0.1 0.0 0.0 0.0 0.0 0.0 0.0 0.0 
trait 2 0.2 0.0 0.0 0.0 0.0 0.0 0.0 0.0 
trait 3 1.199151331198746 0.0 0.0 0.0 0.20841105937580062 0.0 0.0 0.30695160929369625 
node 1 3 1 1
node 2 1 1 1
node 3 3 1 3
node 4 1 0 2
node 27 1 0 0
gene  1 1 4 -8.022809045808033 0 1.0 -8.022809045808033 1
gene  2 2 4 -6.571103138836184 0 2.0 -6.571103138836184 1
gene  3 3 4 -10.996810196902576 0 3.0 -10.996810196902576 1
gene  3 1 27 8.100818485991894 0 80.0 8.100818485991894 1
gene  1 27 4 22.0425850466074 0 81.0 22.0425850466074 1
gene  2 3 27 -5.133694481213276 0 109.0 -5.133694481213276 1
gene  2 2 27 8.138622191887778 0 113.0 8.138622191887778 1
genomeend 34
