genomestart  198
trait 1 0.1828018383578469 0.511646722685368 0.887916213060954 0.16740380527481824 0.0 0.8682455558581392 0.0 0.20858169628672263 
trait 2 0.2 0.0 0.0 0.0 0.0 0.0 0.0 0.011377811850802742 
trait 3 0.40500261316494196 0.5332891832981644 0.19951034042631954 0.0 0.0 0.2282007844791084 0.0 0.09301400611535382 
node 1 1 1 1
node 2 1 1 1
node 3 1 1 3
node 4 1 0 2
node 7 3 0 0
node 11 1 0 0
node 31 2 0 0
node 44 3 0 0
node 265 1 0 0
gene  3 1 4 1.9105336008202898 0 1.0 1.9105336008202898 1
gene  3 2 4 2.0662658479042872 0 2.0 2.0662658479042872 0
gene  3 3 4 17.23636933594927 0 3.0 17.23636933594927 1
gene  2 1 7 7.625357854412919 0 8.0 7.625357854412919 1
gene  1 7 4 3.6775395930279253 0 9.0 3.6775395930279253 1
gene  1 2 11 -0.4499516074815402 0 19.0 -0.4499516074815402 1
gene  2 11 4 1.1068945982839002 0 20.0 1.1068945982839002 0
gene  1 3 11 -8.195292020036213 0 60.0 -8.195292020036213 1
gene  3 1 31 -1.2204239724815809 0 88.0 -1.2204239724815809 1
gene  1 31 7 -15.09040060714435 0 89.0 -15.09040060714435 1
gene  1 7 44 -2.879833588794491 0 138.0 -2.879833588794491 1
gene  1 44 4 -27.366403827974043 0 139.0 -27.366403827974043 1
gene  3 2 44 -2.603807495953077 0 144.0 -2.603807495953077 1
gene  3 2 31 5.0605356275789815 0 243.0 5.0605356275789815 1
gene  2 31 44 1.9690385300895656 0 332.0 1.9690385300895656 1
gene  1 1 44 1.5249148436206394 0 968.0 1.5249148436206394 1
gene  2 11 265 -1.3465247306033996 0 1195.0 -1.3465247306033996 1
gene  2 265 4 -3.5216243193892467 0 1196.0 -3.5216243193892467 1
gene  2 31 265 5.63021297205863 0 1314.0 5.63021297205863 1
gene  1 7 265 0.1581188147576032 0 1328.0 0.1581188147576032 1
gene  3 1 11 4.178795680792602 0 1348.0 4.178795680792602 1
genomeend 198
