genomestart  181
trait 1 0.13758880872216217 0.0 0.0 0.0 0.0 0.0 0.0 0.23261439317019972 
trait 2 0.2 0.2177678020902366 0.0 0.796866821784067 0.0 0.0 0.0 0.0 
trait 3 0.0 0.0 0.0 0.7511428217536676 0.0 0.14369714681040224 1.8412413201379243 0.0 
node 1 2 1 1
node 2 2 1 1
node 3 1 1 3
node 4 3 0 2
node 17 1 0 0
node 59 1 0 0
node 219 1 0 0
gene  3 1 4 -2.9112208615697583 0 1.0 -2.9112208615697583 1
gene  3 2 4 2.240008175906028 0 2.0 2.240008175906028 0
gene  3 3 4 -15.049556450592908 0 3.0 -15.049556450592908 1
gene  2 1 17 5.605738730862107 0 38.0 5.605738730862107 1
gene  3 17 4 19.542764610316112 0 39.0 19.542764610316112 1
gene  1 2 17 8.875377498136023 0 175.0 8.875377498136023 1
gene  2 2 59 2.5962236781193564 0 244.0 2.5962236781193564 1
gene  1 59 4 -2.7529359551183124 0 245.0 -2.7529359551183124 1
gene  1 1 59 -0.04152822168029391 0 850.0 -0.04152822168029391 1
gene  2 1 219 -1.7950527784071133 0 953.0 -1.7950527784071133 1
gene  2 219 17 -4.740833738837473 0 954.0 -4.740833738837473 1
genomeend 181
