genomestart  7
trait 1 0.0 0.0996959996336042 0.0 0.0 0.0 0.17980252092901416 0.0 0.0 
trait 2 0.2 0.0 0.0 0.0 0.0 0.0 0.0 0.0 
trait 3 0.3 0.0 0.0 0.8153466414577913 0.0 0.0 0.0 0.16360210646758178 
node 1 2 1 1
node 2 2 1 1
node 3 1 1 3
node 4 1 0 2
node 7 2 0 0
node 14 1 0 0
node 17 1 0 0
node 28 1 0 0
gene  1 1 4 -2.5831010759035613 0 1.0 -2.5831010759035613 1
gene  2 2 4 -4.8911906922091735 0 2.0 -4.8911906922091735 1
gene  3 3 4 -3.1420731393654053 0 3.0 -3.1420731393654053 1
gene  1 1 7 3.7342292876678065 0 8.0 3.7342292876678065 0
gene  1 7 4 9.863318773366528 0 9.0 9.863318773366528 1
gene  2 1 14 -0.46962537358647016 0 27.0 -0.46962537358647016 1
gene  1 14 4 -1.602670651146918 0 28.0 -1.602670651146918 1
gene  2 2 17 -2.281278236181616 0 37.0 -2.281278236181616 1
gene  2 17 4 5.159777406429891 0 38.0 5.159777406429891 1
gene  2 1 17 -3.4563642717906147 0 54.0 -3.4563642717906147 1
gene  3 1 28 1.231602254008103 0 78.0 1.231602254008103 1
gene  1 28 7 5.098157848700475 0 79.0 5.098157848700475 1
gene  3 17 7 -6.250519052656845 0 148.0 -6.250519052656845 1
gene  1 3 7 -0.287421036507364 0 1174.0 -0.287421036507364 1
genomeend 7
