genomestart  26
trait 1 0.1 0.0 0.0 0.0 0.0 0.0 0.0 0.0 
trait 2 0.2 0.0 0.0 0.0 0.0 0.0 0.0 0.0 
trait 3 1.199151331198746 0.0 0.0 0.0 0.20841105937580062 0.0 0.0 0.30695160929369625 
node 1 3 1 1
node 2 1 1 1
node 3 3 1 3
node 4 1 0 2
node 27 1 0 0
gene  1 1 4 -10.549376396526274 0 1.0 -10.549376396526274 1
gene  2 2 4 -8.779253314926905 0 2.0 -8.779253314926905 1
gene  3 3 4 -9.20710189878492 0 3.0 -9.20710189878492 1
gene  3 1 27 4.916456456407434 0 80.0 4.916456456407434 1
gene  1 27 4 23.42952702889831 0 81.0 23.42952702889831 1
gene  2 3 27 -2.3203960834065693 0 109.0 -2.3203960834065693 1
gene  2 2 27 7.506165499659528 0 113.0 7.506165499659528 1
genomeend 26
