genomestart  12
trait 1 0.1 0.0 0.0 0.0 0.0 0.0 0.0 0.0 
trait 2 0.2 0.0 0.0 0.0 0.0 0.0 0.0 0.0 
trait 3 1.151261093921767 0.0 0.4570627541694532 0.9792167192482307 0.20136119511435402 0.2869858996482786 0.0 0.0 
node 1 3 1 1
node 2 1 1 1
node 3 3 1 3
node 4 1 0 2
node 27 3 0 0
gene  1 1 4 -12.499430808483872 0 1.0 -12.499430808483872 1
gene  2 2 4 -12.55903043863788 0 2.0 -12.55903043863788 1
gene  3 3 4 -7.376663495783334 0 3.0 -7.376663495783334 1
gene  3 1 27 6.644783929505538 0 80.0 6.644783929505538 1
gene  1 27 4 26.917369160330786 0 81.0 26.917369160330786 1
gene  2 3 27 -2.8622738277652715 0 109.0 -2.8622738277652715 1
gene  2 2 27 6.990144796149483 0 113.0 6.990144796149483 1
genomeend 12
