genomestart  54
trait 1 0.1 0.0 0.0 0.0 0.0 0.0 0.0 0.0 
trait 2 0.2 0.0 0.0 0.0 0.0 0.0 0.0 0.0 
trait 3 1.199151331198746 0.0 0.0 0.0 0.20841105937580062 0.0 0.0 0.30695160929369625 
node 1 3 1 1
node 2 1 1 1
node 3 1 1 3
node 4 1 0 2
node 27 1 0 0
gene  1 1 4 -7.033704274245605 0 1.0 -7.033704274245605 1
gene  2 2 4 -3.3868250569893905 0 2.0 -3.3868250569893905 1
gene  3 3 4 -13.244731864708873 0 3.0 -13.244731864708873 1
gene  3 1 27 8.775655670940775 0 80.0 8.775655670940775 1
gene  1 27 4 20.93316683530178 0 81.0 20.93316683530178 1
gene  2 3 27 -4.380868781955438 0 109.0 -4.380868781955438 1
gene  2 2 27 6.138167875779124 0 113.0 6.138167875779124 1
genomeend 54
