genomestart  102
trait 1 0.24752282297412978 0.06580111076468545 0.0 0.20831024849334967 0.025071082154728298 0.0486669310329602 9.998098331782134E-4 0.0 
trait 2 0.2 0.0 0.0 0.0 0.0 0.0 0.0 0.0 
trait 3 0.34758106760543034 0.0 0.0 0.0 0.0 0.10121239988747802 0.08647148072088728 0.07346983059337467 
node 1 1 1 1
node 2 1 1 1
node 3 3 1 3
node 4 1 0 2
node 12 1 0 0
node 37 1 0 0
node 45 1 0 0
node 63 2 0 0
node 77 1 0 0
node 163 1 0 0
gene  1 1 4 3.8354493609846307 0 1.0 3.8354493609846307 0
gene  2 2 4 -4.160528426748155 0 2.0 -4.160528426748155 1
gene  3 3 4 0.3864596627648309 0 3.0 0.3864596627648309 1
gene  1 1 12 6.320124183564165 0 21.0 6.320124183564165 1
gene  1 12 4 7.410587814730133 0 22.0 7.410587814730133 1
gene  3 2 12 8.595170908821077 0 36.0 8.595170908821077 1
gene  1 3 12 -2.589283343030308 0 86.0 -2.589283343030308 1
gene  1 1 37 -0.030514208001255816 0 117.0 -0.030514208001255816 1
gene  1 37 4 -11.57537415988582 0 118.0 -11.57537415988582 1
gene  1 1 45 0.28785642408388945 0 170.0 0.28785642408388945 1
gene  1 45 4 -2.208281158843679 0 171.0 -2.208281158843679 1
gene  1 2 45 -1.0724055236898729 0 184.0 -1.0724055236898729 0
gene  3 37 45 -6.903200892478673 0 229.0 -6.903200892478673 1
gene  1 1 63 -6.038898340244838 0 264.0 -6.038898340244838 1
gene  1 63 4 6.0396217549709545 0 265.0 6.0396217549709545 1
gene  3 12 63 1.5454290478793746 0 294.0 1.5454290478793746 1
gene  1 1 77 -1.4667582650039166 0 338.0 -1.4667582650039166 1
gene  1 77 45 -1.1476050243107865 0 339.0 -1.1476050243107865 1
gene  3 12 45 -1.8509703602572536 0 706.0 -1.8509703602572536 1
gene  1 2 163 1.4028350489631918 0 726.0 1.4028350489631918 1
gene  1 163 45 0.08553444011862199 0 727.0 0.08553444011862199 1
gene  3 63 163 -1.6746423346929393 0 748.0 -1.6746423346929393 1
genomeend 102
