genomestart  36
trait 1 0.1 0.0 0.0 0.0 0.0 0.0 0.0 0.0 
trait 2 0.2 0.0 0.0 0.0 0.0 0.0 0.0 0.0 
trait 3 1.199151331198746 0.0 0.0 0.0 0.20841105937580062 0.0 0.0 0.30695160929369625 
node 1 3 1 1
node 2 1 1 1
node 3 3 1 3
node 4 1 0 2
node 27 1 0 0
gene  1 1 4 -9.955013299485534 0 1.0 -9.955013299485534 1
gene  2 2 4 -7.401236661530907 0 2.0 -7.401236661530907 1
gene  3 3 4 -8.978958247535283 0 3.0 -8.978958247535283 1
gene  3 1 27 9.689662937086727 0 80.0 9.689662937086727 1
gene  1 27 4 20.448839819173 0 81.0 20.448839819173 1
gene  2 3 27 -3.010536248498283 0 109.0 -3.010536248498283 1
gene  2 2 27 7.087434535023781 0 113.0 7.087434535023781 1
genomeend 36
