genomestart  31
trait 1 0.1 0.0 0.0 0.0 0.0 0.0 0.0 0.0 
trait 2 0.2 0.0 0.0 0.0 0.0 0.0 0.0 0.0 
trait 3 1.199151331198746 0.0 0.0 0.0 0.20841105937580062 0.0 0.0 0.30695160929369625 
node 1 3 1 1
node 2 1 1 1
node 3 3 1 3
node 4 1 0 2
node 27 1 0 0
gene  1 1 4 -8.476808352793633 0 1.0 -8.476808352793633 1
gene  2 2 4 -11.201158336313128 0 2.0 -11.201158336313128 1
gene  3 3 4 -6.49303227061356 0 3.0 -6.49303227061356 1
gene  3 1 27 5.386200034699258 0 80.0 5.386200034699258 1
gene  1 27 4 21.96608187263981 0 81.0 21.96608187263981 1
gene  2 3 27 -1.175267973762101 0 109.0 -1.175267973762101 1
gene  2 2 27 6.24263128091544 0 113.0 6.24263128091544 1
genomeend 31
