genomestart  17
trait 1 0.13758880872216217 0.0 0.0 0.0 0.0 0.0 0.0 0.23261439317019972 
trait 2 0.28584644030129075 0.2177678020902366 0.5832264568680608 0.796866821784067 0.0 0.0 0.7883933915082119 0.5811723472787429 
trait 3 0.6647931693886189 0.0 0.0 0.11609151232060977 0.0 0.1999730630644102 0.018335650124731706 0.0 
node 1 2 1 1
node 2 2 1 1
node 3 1 1 3
node 4 2 0 2
node 17 1 0 0
node 59 1 0 0
gene  3 1 4 -5.616155730868154 0 1.0 -5.616155730868154 1
gene  3 2 4 -4.409705843597926 0 2.0 -4.409705843597926 1
gene  3 3 4 -11.623316206827955 0 3.0 -11.623316206827955 1
gene  2 1 17 6.391195207930736 0 38.0 6.391195207930736 1
gene  3 17 4 20.148951093151553 0 39.0 20.148951093151553 1
gene  3 2 17 19.52890520323877 0 175.0 19.52890520323877 1
gene  2 2 59 -4.6984367385637364 0 244.0 -4.6984367385637364 1
gene  1 59 4 -1.5435670588384216 0 245.0 -1.5435670588384216 1
gene  1 1 59 -3.0307107148724226 0 850.0 -3.0307107148724226 1
gene  2 59 17 -9.076285078910708 0 1196.0 -9.076285078910708 1
genomeend 17
