genomestart  17
trait 1 0.1 0.0 0.0 0.0 0.0 0.0 0.0 0.0 
trait 2 0.2 0.0 0.0 0.0 0.0 0.0 0.0 0.0 
trait 3 1.151261093921767 0.0 0.0 1.4184737047667049 0.0 0.0 0.37751257159519 0.0 
node 1 3 1 1
node 2 1 1 1
node 3 3 1 3
node 4 1 0 2
node 27 3 0 0
gene  1 1 4 -12.19898002282973 0 1.0 -12.19898002282973 1
gene  2 2 4 -12.729095528142182 0 2.0 -12.729095528142182 1
gene  3 3 4 -5.233751113294103 0 3.0 -5.233751113294103 1
gene  3 1 27 6.0654032476650475 0 80.0 6.0654032476650475 1
gene  1 27 4 25.97979516499226 0 81.0 25.97979516499226 1
gene  2 3 27 -4.1912241498896945 0 109.0 -4.1912241498896945 1
gene  2 2 27 10.762011555722797 0 113.0 10.762011555722797 1
genomeend 17
