genomestart  15
trait 1 0.0 0.0996959996336042 0.0 0.0 0.0 0.17980252092901416 0.0 0.0 
trait 2 0.2 0.0 0.0 0.0 0.0 0.0 0.0 0.0 
trait 3 0.3 0.0 0.0 0.8153466414577913 0.0 0.0 0.0 0.16360210646758178 
node 1 2 1 1
node 2 2 1 1
node 3 1 1 3
node 4 1 0 2
node 7 2 0 0
node 14 1 0 0
node 17 1 0 0
node 28 1 0 0
gene  1 1 4 -4.52609293906617 0 1.0 -4.52609293906617 1
gene  2 2 4 -3.0833632535016613 0 2.0 -3.0833632535016613 1
gene  3 3 4 -4.846601340972168 0 3.0 -4.846601340972168 1
gene  1 1 7 -4.221091339040842 0 8.0 -4.221091339040842 0
gene  1 7 4 11.30065016895801 0 9.0 11.30065016895801 1
gene  2 1 14 -1.2837407165374792 0 27.0 -1.2837407165374792 1
gene  1 14 4 4.032826811263362 0 28.0 4.032826811263362 1
gene  2 2 17 -0.31386878101064086 0 37.0 -0.31386878101064086 1
gene  2 17 4 4.018191041140575 0 38.0 4.018191041140575 1
gene  2 1 17 -1.4042535446763398 0 54.0 -1.4042535446763398 1
gene  3 1 28 0.17068691957757626 0 78.0 0.17068691957757626 1
gene  1 28 7 5.125913527126585 0 79.0 5.125913527126585 1
gene  3 17 7 -8.726642327940572 0 148.0 -8.726642327940572 1
genomeend 15
