genomestart  13
trait 1 0.1 0.0 0.0 0.0 0.0 0.0 0.9966487446929647 0.0 
trait 2 0.2 0.0 0.0 0.0 0.0 0.0 0.0 0.0 
trait 3 1.151261093921767 0.0 0.0 1.4184737047667049 0.20136119511435402 0.0 0.0 0.0 
node 1 3 1 1
node 2 1 1 1
node 3 3 1 3
node 4 1 0 2
node 27 3 0 0
gene  1 1 4 -11.665424616067494 0 1.0 -11.665424616067494 1
gene  2 2 4 -9.63246313769362 0 2.0 -9.63246313769362 1
gene  3 3 4 -5.275681530224839 0 3.0 -5.275681530224839 1
gene  3 1 27 5.577351741213078 0 80.0 5.577351741213078 1
gene  1 27 4 23.996959449854227 0 81.0 23.996959449854227 1
gene  2 3 27 -1.9574796741490819 0 109.0 -1.9574796741490819 1
gene  2 2 27 7.908963694299593 0 113.0 7.908963694299593 1
genomeend 13
