genomestart  25
trait 1 0.05690637560727929 0.0 0.0 0.5295203930149014 0.6874495760107049 0.2612176252586514 0.24942653363099265 0.0037586221827266564 
trait 2 0.2 0.0 0.0 0.0 0.0 0.0 0.0 0.0 
trait 3 0.3459898992173307 0.0 0.0 0.0 0.0 0.09782773495057207 0.08357976993086841 0.07101291069219386 
node 1 1 1 1
node 2 1 1 1
node 3 1 1 3
node 4 1 0 2
node 12 1 0 0
gene  1 1 4 -5.55409826531485 0 1.0 -5.55409826531485 1
gene  2 2 4 -3.0210273781936303 0 2.0 -3.0210273781936303 1
gene  3 3 4 -6.347356697161588 0 3.0 -6.347356697161588 1
gene  1 1 12 3.2883430901592505 0 21.0 3.2883430901592505 1
gene  1 12 4 12.100506091174578 0 22.0 12.100506091174578 1
gene  3 2 12 10.83047809565362 0 36.0 10.83047809565362 1
genomeend 25
