genomestart  59
trait 1 0.1 0.0 0.0 0.0 0.0 0.0 0.0 0.0 
trait 2 0.2 0.0 0.0 0.0 0.0 0.0 0.0 0.0 
trait 3 1.199151331198746 0.0 0.0 0.0 0.20841105937580062 0.0 0.0 0.30695160929369625 
node 1 3 1 1
node 2 1 1 1
node 3 1 1 3
node 4 1 0 2
node 27 1 0 0
gene  1 1 4 -2.226497203777157 0 1.0 -2.226497203777157 1
gene  2 2 4 -5.270289876865634 0 2.0 -5.270289876865634 1
gene  3 3 4 -11.861892356379128 0 3.0 -11.861892356379128 1
gene  3 1 27 4.118564701452478 0 80.0 4.118564701452478 1
gene  1 27 4 19.13962355643963 0 81.0 19.13962355643963 1
gene  1 3 27 -3.4585302422651814 0 109.0 -3.4585302422651814 1
gene  2 2 27 6.473785536044861 0 113.0 6.473785536044861 1
genomeend 59
