genomestart  38
trait 1 0.1 0.0 0.0 0.0 0.0 0.0 0.0 0.0 
trait 2 0.2 0.0 0.0 0.0 0.0 0.0 0.0 0.0 
trait 3 1.199151331198746 0.0 0.0 0.0 0.20841105937580062 0.0 0.0 0.30695160929369625 
node 1 3 1 1
node 2 1 1 1
node 3 3 1 3
node 4 1 0 2
node 27 1 0 0
gene  1 1 4 -8.722487769017805 0 1.0 -8.722487769017805 1
gene  2 2 4 -6.098230060900197 0 2.0 -6.098230060900197 1
gene  3 3 4 -10.1397969025058 0 3.0 -10.1397969025058 1
gene  3 1 27 8.486358719360027 0 80.0 8.486358719360027 1
gene  1 27 4 22.009144896905056 0 81.0 22.009144896905056 1
gene  2 3 27 -3.300399658326606 0 109.0 -3.300399658326606 1
gene  2 2 27 9.703028948098668 0 113.0 9.703028948098668 1
genomeend 38
