genomestart  19
trait 1 0.1 0.0 0.0 0.0 0.0 0.0 0.0 0.0 
trait 2 0.2 0.0 0.0 0.0 0.0 0.0 0.0 0.0 
trait 3 1.199151331198746 0.0 0.0 0.0 0.20841105937580062 0.0 0.0 0.30695160929369625 
node 1 3 1 1
node 2 1 1 1
node 3 3 1 3
node 4 1 0 2
node 27 1 0 0
gene  1 1 4 -10.042374955150652 0 1.0 -10.042374955150652 1
gene  2 2 4 -9.955869088393216 0 2.0 -9.955869088393216 1
gene  3 3 4 -10.29562349031212 0 3.0 -10.29562349031212 1
gene  3 1 27 5.9269083512821545 0 80.0 5.9269083512821545 1
gene  1 27 4 24.431677659318698 0 81.0 24.431677659318698 1
gene  2 3 27 -2.6274027959124515 0 109.0 -2.6274027959124515 1
gene  2 2 27 8.21716527431082 0 113.0 8.21716527431082 1
genomeend 19
