genomestart  45
trait 1 0.1 0.0 0.0 0.0 0.0 0.0 0.0 0.0 
trait 2 0.2 0.0 0.0 0.0 0.0 0.0 0.0 0.0 
trait 3 1.199151331198746 0.0 0.0 0.0 0.20841105937580062 0.0 0.0 0.30695160929369625 
node 1 3 1 1
node 2 1 1 1
node 3 1 1 3
node 4 1 0 2
node 27 2 0 0
gene  1 1 4 -8.58823019223037 0 1.0 -8.58823019223037 1
gene  2 2 4 -3.7647773743022284 0 2.0 -3.7647773743022284 1
gene  3 3 4 -12.228743128341579 0 3.0 -12.228743128341579 1
gene  3 1 27 7.075677949927423 0 80.0 7.075677949927423 1
gene  1 27 4 21.48886068230122 0 81.0 21.48886068230122 1
gene  2 3 27 -2.9120601862320927 0 109.0 -2.9120601862320927 1
gene  2 2 27 7.684893694654958 0 113.0 7.684893694654958 1
genomeend 45
