genomestart  9
trait 1 0.1 0.0 0.0 0.0 0.0 0.0 0.0 0.0 
trait 2 0.2 0.0 0.0 0.0 0.0 0.0 0.0 0.0 
trait 3 1.151261093921767 0.0 0.0 1.4184737047667049 0.20136119511435402 0.0 0.0 0.0 
node 1 3 1 1
node 2 1 1 1
node 3 3 1 3
node 4 1 0 2
node 27 3 0 0
gene  1 1 4 -13.007512347146125 0 1.0 -13.007512347146125 1
gene  2 2 4 -12.124496737159772 0 2.0 -12.124496737159772 1
gene  3 3 4 -6.280609708632605 0 3.0 -6.280609708632605 1
gene  3 1 27 7.39382225543038 0 80.0 7.39382225543038 1
gene  1 27 4 25.6125235114216 0 81.0 25.6125235114216 1
gene  2 3 27 -3.94752721731934 0 109.0 -3.94752721731934 1
gene  2 2 27 7.476805842069197 0 113.0 7.476805842069197 1
genomeend 9
