genomestart  29
trait 1 0.1 0.0 0.0 0.0 0.0 0.0 0.0 0.0 
trait 2 0.2 0.0 0.0 0.0 0.0 0.0 0.0 0.0 
trait 3 1.199151331198746 0.0 0.0 0.0 0.20841105937580062 0.0 0.0 0.30695160929369625 
node 1 3 1 1
node 2 1 1 1
node 3 3 1 3
node 4 1 0 2
node 27 1 0 0
gene  1 1 4 -8.180672136481768 0 1.0 -8.180672136481768 1
gene  2 2 4 -6.773701694593478 0 2.0 -6.773701694593478 1
gene  3 3 4 -11.68947259811073 0 3.0 -11.68947259811073 1
gene  3 1 27 5.580668746998492 0 80.0 5.580668746998492 1
gene  1 27 4 23.42952702889831 0 81.0 23.42952702889831 1
gene  2 3 27 -2.3067922394946803 0 109.0 -2.3067922394946803 1
gene  2 2 27 9.45483395655041 0 113.0 9.45483395655041 1
genomeend 29
