genomestart  56
trait 1 0.1 0.0 0.0 0.0 0.0 0.0 0.0 0.0 
trait 2 0.2 0.0 0.0 0.0 0.0 0.0 0.0 0.0 
trait 3 1.199151331198746 0.0 0.0 0.0 0.20841105937580062 0.0 0.0 0.30695160929369625 
node 1 3 1 1
node 2 1 1 1
node 3 1 1 3
node 4 1 0 2
node 27 1 0 0
gene  1 1 4 -5.5468477185582294 0 1.0 -5.5468477185582294 1
gene  2 2 4 -2.7860733134130804 0 2.0 -2.7860733134130804 1
gene  3 3 4 -12.252443555157239 0 3.0 -12.252443555157239 1
gene  3 1 27 7.165631068086433 0 80.0 7.165631068086433 1
gene  2 27 4 18.497013084347948 0 81.0 18.497013084347948 1
gene  2 3 27 -3.6766291460361225 0 109.0 -3.6766291460361225 1
gene  2 2 27 6.732303649876171 0 113.0 6.732303649876171 1
genomeend 56
