genomestart  185
trait 1 0.13758880872216217 0.0 0.6664139694781938 0.5590155019469392 0.0 0.5582497616059102 0.0 0.0 
trait 2 0.2 0.2177678020902366 0.0 0.796866821784067 0.0 0.0 0.0 0.0 
trait 3 0.0 0.0 0.0 0.7511428217536676 0.0 0.14369714681040224 1.8412413201379243 0.0 
node 1 2 1 1
node 2 2 1 1
node 3 1 1 3
node 4 3 0 2
node 17 1 0 0
node 59 1 0 0
node 219 1 0 0
gene  3 1 4 -3.3770218576121396 0 1.0 -3.3770218576121396 1
gene  3 2 4 3.700407157412219 0 2.0 3.700407157412219 0
gene  3 3 4 -15.115377304468147 0 3.0 -15.115377304468147 1
gene  2 1 17 1.447486260528366 0 38.0 1.447486260528366 1
gene  3 17 4 22.254074463071515 0 39.0 22.254074463071515 1
gene  1 2 17 13.6950067955957 0 175.0 13.6950067955957 1
gene  2 2 59 3.815738837680619 0 244.0 3.815738837680619 1
gene  1 59 4 -4.249320773649824 0 245.0 -4.249320773649824 1
gene  1 1 59 -1.2583653260242575 0 850.0 -1.2583653260242575 1
gene  2 1 219 -1.934650661379362 0 953.0 -1.934650661379362 1
gene  2 219 17 -4.336878412351316 0 954.0 -4.336878412351316 1
genomeend 185
