trait 1 0.0 0.0 0.0 0.0 0.0 0.0 0.0 0.0 
node 1 1 1 1
node 2 1 1 1
node 3 1 1 1
node 4 1 1 1
node 5 1 1 1
node 6 1 1 1
node 7 1 1 1
node 8 1 1 1
node 9 1 1 1
node 10 1 1 1
node 11 1 1 3
node 12 1 0 0
node 13 1 0 0
node 14 1 0 0
node 15 1 0 0
node 16 1 0 0
node 17 1 0 0
node 18 1 0 0
node 19 1 0 0
node 20 1 0 0
node 21 1 0 0
node 22 1 0 0
node 23 1 0 0
node 24 1 0 0
node 25 1 0 0
node 26 1 0 0
node 52 1 0 2
node 53 1 0 2
node 54 1 0 2
node 55 1 0 2
node 56 1 0 2
node 57 1 0 2
node 58 1 0 2
node 59 1 0 2
node 60 1 0 2
node 61 1 0 2
node 67 1 0 0
node 69 1 0 0
node 69 1 0 0
gene  1 3 12 -0.6177502930413067 0 673.0 -0.6177502930413067 1
gene  1 5 12 -0.8310725426072457 0 675.0 -0.8310725426072457 1
gene  1 6 12 0.6580005416809699 0 676.0 0.6580005416809699 1
gene  1 8 12 -0.5964006013498216 0 678.0 -0.5964006013498216 1
gene  1 10 12 0.20368745218655915 0 680.0 0.20368745218655915 1
gene  1 11 12 0.5077298495099912 0 681.0 0.5077298495099912 1
gene  1 13 12 -0.7140000170504693 1 683.0 -0.7140000170504693 1
gene  1 16 12 0.4640665746551267 1 686.0 0.4640665746551267 1
gene  1 18 12 -0.1291272383524672 1 688.0 -0.1291272383524672 1
gene  1 21 12 -0.879689935777663 1 691.0 -0.879689935777663 1
gene  1 22 12 -0.025372557798309714 1 692.0 -0.025372557798309714 1
gene  1 23 12 0.5578386991487183 1 693.0 0.5578386991487183 1
gene  1 24 12 0.41497525300522875 1 694.0 0.41497525300522875 1
gene  1 26 12 -0.5558982491541062 1 696.0 -0.5558982491541062 0
gene  1 53 12 0.06995025087179008 1 723.0 0.06995025087179008 1
gene  1 55 12 0.20976662751828035 1 725.0 0.20976662751828035 1
gene  1 56 12 0.6934454841536452 1 726.0 0.6934454841536452 1
gene  1 57 12 0.5151383231949306 1 727.0 0.5151383231949306 1
gene  1 3 13 -0.1280526287804591 0 734.0 -0.1280526287804591 1
gene  1 5 13 -0.5295619787125596 0 736.0 -0.5295619787125596 1
gene  1 7 13 -0.4646988035358226 0 738.0 -0.4646988035358226 1
gene  1 8 13 -0.27300242396827556 0 739.0 -0.27300242396827556 1
gene  1 9 13 -0.108666395465288 0 740.0 -0.108666395465288 1
gene  1 10 13 0.6831818040563511 0 741.0 0.6831818040563511 1
gene  1 12 13 0.6855161753008715 0 743.0 0.6855161753008715 1
gene  1 13 13 0.015003214789347963 1 744.0 0.015003214789347963 1
gene  1 16 13 -0.7119332333278768 1 747.0 -0.7119332333278768 1
gene  1 17 13 -0.874764751892611 1 748.0 -0.874764751892611 1
gene  1 20 13 -0.4424434082748474 1 751.0 -0.4424434082748474 1
gene  1 23 13 -0.8543438236244363 1 754.0 -0.8543438236244363 1
gene  1 24 13 0.49243426114588496 1 755.0 0.49243426114588496 1
gene  1 55 13 0.9315739021131372 1 786.0 0.9315739021131372 1
gene  1 56 13 -0.9371891975360391 1 787.0 -0.9371891975360391 1
gene  1 58 13 0.8518260817580545 1 789.0 0.8518260817580545 1
gene  1 59 13 0.9744021641382052 1 790.0 0.9744021641382052 1
gene  1 60 13 -0.4841791617079021 1 791.0 -0.4841791617079021 1
gene  1 61 13 0.5071185270704002 1 792.0 0.5071185270704002 1
gene  1 1 14 0.670136663004285 0 793.0 0.670136663004285 1
gene  1 5 14 -0.2936353644838483 0 797.0 -0.2936353644838483 1
gene  1 6 14 -0.9111030758794783 0 798.0 -0.9111030758794783 1
gene  1 7 14 0.614746777307353 0 799.0 0.614746777307353 1
gene  1 8 14 -0.7536298885977482 0 800.0 -0.7536298885977482 1
gene  1 9 14 0.02750699510275112 0 801.0 0.02750699510275112 1
gene  1 10 14 -0.28031331160749706 0 802.0 -0.28031331160749706 1
gene  1 11 14 0.7853707635565206 0 803.0 0.7853707635565206 1
gene  1 14 14 0.11541886128594547 1 806.0 0.11541886128594547 1
gene  1 19 14 -0.09690811798345589 1 811.0 -0.09690811798345589 1
gene  1 21 14 -0.7554075823118096 1 813.0 -0.7554075823118096 1
gene  1 23 14 -0.14141046562798332 1 815.0 -0.14141046562798332 1
gene  1 53 14 -0.17316378746439132 1 845.0 -0.17316378746439132 1
gene  1 56 14 -0.3519651951500552 1 848.0 -0.3519651951500552 1
gene  1 58 14 -0.3626090050143508 1 850.0 -0.3626090050143508 1
gene  1 59 14 0.18759278863991635 1 851.0 0.18759278863991635 1
gene  1 60 14 0.45985322325744693 1 852.0 0.45985322325744693 1
gene  1 61 14 0.7035282896467706 1 853.0 0.7035282896467706 1
gene  1 4 15 0.6406546579211765 0 857.0 0.6406546579211765 1
gene  1 5 15 0.7265770342384409 0 858.0 0.7265770342384409 1
gene  1 7 15 -0.4119301629361849 0 860.0 -0.4119301629361849 1
gene  1 9 15 0.24821493386333626 0 862.0 0.24821493386333626 1
gene  1 10 15 -0.7585766584761954 0 863.0 -0.7585766584761954 1
gene  1 12 15 0.5356626102740394 0 865.0 0.5356626102740394 1
gene  1 13 15 0.12951759502821236 0 866.0 0.12951759502821236 1
gene  1 15 15 -0.6165676777577538 1 868.0 -0.6165676777577538 1
gene  1 16 15 -0.9098733369539537 1 869.0 -0.9098733369539537 1
gene  1 17 15 0.6893740893365566 1 870.0 0.6893740893365566 1
gene  1 19 15 0.946814854777469 1 872.0 0.946814854777469 1
gene  1 20 15 -0.9088658784238096 1 873.0 -0.9088658784238096 1
gene  1 24 15 -0.6336598359714846 1 877.0 -0.6336598359714846 1
gene  1 26 15 0.06939936949977421 1 879.0 0.06939936949977421 1
gene  1 52 15 0.6389146028451202 1 905.0 0.6389146028451202 1
gene  1 54 15 0.775427863035103 1 907.0 0.775427863035103 1
gene  1 55 15 0.616451059883939 1 908.0 0.616451059883939 1
gene  1 56 15 0.7338542488370453 1 909.0 0.7338542488370453 1
gene  1 57 15 -0.027649783453510435 1 910.0 -0.027649783453510435 1
gene  1 58 15 0.9488228611138797 1 911.0 0.9488228611138797 1
gene  1 59 15 -0.16902758690417874 1 912.0 -0.16902758690417874 1
gene  1 4 16 -0.9153231192723245 0 918.0 -0.9153231192723245 1
gene  1 5 16 0.8963155813422283 0 919.0 0.8963155813422283 1
gene  1 7 16 0.39213598104336833 0 921.0 0.39213598104336833 1
gene  1 8 16 0.11249582049206108 0 922.0 0.11249582049206108 1
gene  1 9 16 -0.6466218859803842 0 923.0 -0.6466218859803842 1
gene  1 10 16 -0.35329425686562177 0 924.0 -0.35329425686562177 1
gene  1 12 16 0.03502019830861114 0 926.0 0.03502019830861114 1
gene  1 13 16 -0.14168786595396 0 927.0 -0.14168786595396 1
gene  1 14 16 -0.4616580637265867 0 928.0 -0.4616580637265867 1
gene  1 17 16 -0.8291851545308426 1 931.0 -0.8291851545308426 1
gene  1 20 16 -0.21932773871218592 1 934.0 -0.21932773871218592 1
gene  1 21 16 0.7423362232698208 1 935.0 0.7423362232698208 1
gene  1 22 16 -0.5449143924705468 1 936.0 -0.5449143924705468 1
gene  1 23 16 0.591829778283351 1 937.0 0.591829778283351 1
gene  1 26 16 -0.6571172681259183 1 940.0 -0.6571172681259183 1
gene  1 53 16 -0.5352604844840654 1 967.0 -0.5352604844840654 1
gene  1 55 16 0.7876198919330096 1 969.0 0.7876198919330096 1
gene  1 56 16 -0.21881621054678946 1 970.0 -0.21881621054678946 1
gene  1 60 16 0.1511324347309314 1 974.0 0.1511324347309314 1
gene  1 61 16 -0.10475184424241823 1 975.0 -0.10475184424241823 1
gene  1 1 17 0.8041349808405935 0 976.0 0.8041349808405935 1
gene  1 2 17 -0.6872203884261291 0 977.0 -0.6872203884261291 1
gene  1 6 17 0.07367147306718513 0 981.0 0.07367147306718513 1
gene  1 11 17 -0.2724439313972423 0 986.0 -0.2724439313972423 1
gene  1 12 17 -0.34287938356016234 0 987.0 -0.34287938356016234 1
gene  1 14 17 -0.2944377575623992 0 989.0 -0.2944377575623992 1
gene  1 16 17 0.7232135526062781 0 991.0 0.7232135526062781 1
gene  1 17 17 0.7195967655497456 1 992.0 0.7195967655497456 1
gene  1 18 17 0.1385621441852164 1 993.0 0.1385621441852164 1
gene  1 19 17 -0.2902987985730576 1 994.0 -0.2902987985730576 1
gene  1 22 17 0.055217412630873985 1 997.0 0.055217412630873985 1
gene  1 23 17 -0.3916547560960322 1 998.0 -0.3916547560960322 1
gene  1 25 17 0.9646965133982904 1 1000.0 0.9646965133982904 1
gene  1 26 17 0.01694082527782681 1 1001.0 0.01694082527782681 1
gene  1 54 17 -0.8370077395836409 1 1029.0 -0.8370077395836409 1
gene  1 55 17 0.2752994912016167 1 1030.0 0.2752994912016167 1
gene  1 57 17 0.9974361358014115 1 1032.0 0.9974361358014115 1
gene  1 58 17 0.26619622693339096 1 1033.0 0.26619622693339096 1
gene  1 2 18 0.2263461695273682 0 1038.0 0.2263461695273682 1
gene  1 3 18 0.6905146187265131 0 1039.0 0.6905146187265131 1
gene  1 5 18 0.05557030259040363 0 1041.0 0.05557030259040363 1
gene  1 9 18 -0.0810006608670788 0 1045.0 -0.0810006608670788 1
gene  1 10 18 -0.8857439193822245 0 1046.0 -0.8857439193822245 1
gene  1 11 18 0.9432927228435416 0 1047.0 0.9432927228435416 1
gene  1 12 18 -0.4708501688280051 0 1048.0 -0.4708501688280051 1
gene  1 13 18 -0.06334157804163099 0 1049.0 -0.06334157804163099 1
gene  1 14 18 0.5832921676595936 0 1050.0 0.5832921676595936 1
gene  1 17 18 0.02780447044430312 0 1053.0 0.02780447044430312 1
gene  1 19 18 -0.32335137029745964 1 1055.0 -0.32335137029745964 1
gene  1 20 18 0.4817559170872022 1 1056.0 0.4817559170872022 1
gene  1 22 18 0.4061133290098813 1 1058.0 0.4061133290098813 1
gene  1 26 18 -0.5237466503287393 1 1062.0 -0.5237466503287393 1
gene  1 52 18 -0.27585063545117827 1 1088.0 -0.27585063545117827 1
gene  1 53 18 0.7809136579697596 1 1089.0 0.7809136579697596 1
gene  1 54 18 0.13169901271065443 1 1090.0 0.13169901271065443 1
gene  1 56 18 0.11320127982252093 1 1092.0 0.11320127982252093 1
gene  1 59 18 0.9086160684559874 1 1095.0 0.9086160684559874 1
gene  1 60 18 -0.02833859516206061 1 1096.0 -0.02833859516206061 1
gene  1 61 18 -0.41950047941289004 1 1097.0 -0.41950047941289004 1
gene  1 1 19 0.43404990962340606 0 1098.0 0.43404990962340606 1
gene  1 2 19 0.1128763874371217 0 1099.0 0.1128763874371217 1
gene  1 4 19 -0.04213755790182705 0 1101.0 -0.04213755790182705 1
gene  1 5 19 -0.5511504644270107 0 1102.0 -0.5511504644270107 1
gene  1 6 19 -0.7205577971307733 0 1103.0 -0.7205577971307733 1
gene  1 10 19 0.9907019229678402 0 1107.0 0.9907019229678402 1
gene  1 11 19 0.4414313813622708 0 1108.0 0.4414313813622708 1
gene  1 12 19 -0.7604739991445405 0 1109.0 -0.7604739991445405 1
gene  1 17 19 0.7673028373488304 0 1114.0 0.7673028373488304 1
gene  1 20 19 0.746144850786295 1 1117.0 0.746144850786295 1
gene  1 21 19 -0.27007467011016983 1 1118.0 -0.27007467011016983 1
gene  1 23 19 0.3487158144166481 1 1120.0 0.3487158144166481 1
gene  1 25 19 -0.8356808805171135 1 1122.0 -0.8356808805171135 1
gene  1 26 19 0.07415649459822127 1 1123.0 0.07415649459822127 1
gene  1 53 19 0.6456615251062671 1 1150.0 0.6456615251062671 1
gene  1 55 19 -0.9177753574306374 1 1152.0 -0.9177753574306374 1
gene  1 58 19 -0.83265724281841 1 1155.0 -0.83265724281841 1
gene  1 59 19 -0.5688182948513364 1 1156.0 -0.5688182948513364 1
gene  1 60 19 0.6705631311604823 1 1157.0 0.6705631311604823 1
gene  1 5 20 -0.11317386686217479 0 1163.0 -0.11317386686217479 1
gene  1 6 20 -0.2935100743130189 0 1164.0 -0.2935100743130189 1
gene  1 7 20 -0.11145274671860406 0 1165.0 -0.11145274671860406 1
gene  1 8 20 0.5600234419737671 0 1166.0 0.5600234419737671 1
gene  1 9 20 0.23433251836504065 0 1167.0 0.23433251836504065 1
gene  1 11 20 -0.7426582473643497 0 1169.0 -0.7426582473643497 1
gene  1 12 20 0.16476075501972365 0 1170.0 0.16476075501972365 1
gene  1 15 20 -0.15372333717325115 0 1173.0 -0.15372333717325115 1
gene  1 20 20 -0.22474311901985955 1 1178.0 -0.22474311901985955 1
gene  1 21 20 0.9722921813016371 1 1179.0 0.9722921813016371 1
gene  1 25 20 -0.41567565097823467 1 1183.0 -0.41567565097823467 1
gene  1 56 20 -0.10065516140336805 1 1214.0 -0.10065516140336805 1
gene  1 57 20 -0.7278650240131905 1 1215.0 -0.7278650240131905 1
gene  1 58 20 -0.7348131860856442 1 1216.0 -0.7348131860856442 1
gene  1 61 20 0.47342254874820777 1 1219.0 0.47342254874820777 1
gene  1 2 21 0.5709516047863288 0 1221.0 0.5709516047863288 1
gene  1 3 21 -0.7120603257486656 0 1222.0 -0.7120603257486656 1
gene  1 7 21 -0.5937942166087863 0 1226.0 -0.5937942166087863 1
gene  1 8 21 -0.9584866289867332 0 1227.0 -0.9584866289867332 1
gene  1 9 21 -0.24017602469763988 0 1228.0 -0.24017602469763988 1
gene  1 10 21 -0.30243497829106925 0 1229.0 -0.30243497829106925 1
gene  1 12 21 -0.005433407141317459 0 1231.0 -0.005433407141317459 1
gene  1 14 21 0.6028654892848118 0 1233.0 0.6028654892848118 1
gene  1 16 21 0.008581913330453661 0 1235.0 0.008581913330453661 1
gene  1 17 21 0.878813232018765 0 1236.0 0.878813232018765 1
gene  1 19 21 -0.62879131940081 0 1238.0 -0.62879131940081 1
gene  1 23 21 -0.1340237134781883 1 1242.0 -0.1340237134781883 1
gene  1 25 21 -0.8164266710374959 1 1244.0 -0.8164266710374959 1
gene  1 55 21 0.7238393014637693 1 1274.0 0.7238393014637693 1
gene  1 56 21 -0.893364758483167 1 1275.0 -0.893364758483167 1
gene  1 60 21 -0.11816916073265149 1 1279.0 -0.11816916073265149 1
gene  1 61 21 0.4624042369017932 1 1280.0 0.4624042369017932 1
gene  1 1 22 0.846847687328539 0 1281.0 0.846847687328539 1
gene  1 2 22 0.726012295843628 0 1282.0 0.726012295843628 1
gene  1 8 22 -0.39849689537258004 0 1288.0 -0.39849689537258004 1
gene  1 10 22 0.35083428767594116 0 1290.0 0.35083428767594116 1
gene  1 12 22 0.4280255179318343 0 1292.0 0.4280255179318343 1
gene  1 14 22 -0.27954340960975665 0 1294.0 -0.27954340960975665 1
gene  1 15 22 -0.7584346029133487 0 1295.0 -0.7584346029133487 1
gene  1 17 22 0.01898541337128834 0 1297.0 0.01898541337128834 1
gene  1 20 22 -0.2807333049104749 0 1300.0 -0.2807333049104749 1
gene  1 25 22 -0.47042031374700033 1 1305.0 -0.47042031374700033 1
gene  1 26 22 0.36808973543246715 1 1306.0 0.36808973543246715 1
gene  1 52 22 -0.42275954908916535 1 1332.0 -0.42275954908916535 1
gene  1 53 22 0.02175424446951746 1 1333.0 0.02175424446951746 1
gene  1 54 22 -0.0653829876388744 1 1334.0 -0.0653829876388744 1
gene  1 55 22 0.005328521136629627 1 1335.0 0.005328521136629627 1
gene  1 56 22 0.6902464251363044 1 1336.0 0.6902464251363044 1
gene  1 57 22 -0.27068568395985515 1 1337.0 -0.27068568395985515 1
gene  1 58 22 0.13315187764390957 1 1338.0 0.13315187764390957 1
gene  1 59 22 -0.9743801098432527 1 1339.0 -0.9743801098432527 1
gene  1 60 22 -0.15106425932574608 1 1340.0 -0.15106425932574608 1
gene  1 1 23 0.21851948850363623 0 1342.0 0.21851948850363623 1
gene  1 4 23 -0.5588206274363593 0 1345.0 -0.5588206274363593 1
gene  1 5 23 0.7395877755059846 0 1346.0 0.7395877755059846 1
gene  1 8 23 -0.28700780245053503 0 1349.0 -0.28700780245053503 1
gene  1 10 23 -0.6564075560209898 0 1351.0 -0.6564075560209898 1
gene  1 12 23 -0.40063227143486957 0 1353.0 -0.40063227143486957 1
gene  1 14 23 -0.13684392964618597 0 1355.0 -0.13684392964618597 1
gene  1 15 23 0.05777130637979433 0 1356.0 0.05777130637979433 1
gene  1 19 23 -0.9302774359324343 0 1360.0 -0.9302774359324343 1
gene  1 22 23 0.5314185571242531 0 1363.0 0.5314185571242531 1
gene  1 24 23 0.37913037208454214 1 1365.0 0.37913037208454214 1
gene  1 25 23 -0.17522257466096014 1 1366.0 -0.17522257466096014 1
gene  1 52 23 -0.9738252573524215 1 1393.0 -0.9738252573524215 1
gene  1 53 23 0.86433113273637 1 1394.0 0.86433113273637 1
gene  1 54 23 0.11610788088482837 1 1395.0 0.11610788088482837 1
gene  1 56 23 0.031071971586246527 1 1397.0 0.031071971586246527 1
gene  1 59 23 -0.3068232957008078 1 1400.0 -0.3068232957008078 1
gene  1 2 24 0.6132392251073103 0 1404.0 0.6132392251073103 1
gene  1 3 24 0.39339565292449763 0 1405.0 0.39339565292449763 1
gene  1 4 24 -0.435373996252169 0 1406.0 -0.435373996252169 1
gene  1 8 24 -0.6998608016754897 0 1410.0 -0.6998608016754897 1
gene  1 10 24 0.31531718226976235 0 1412.0 0.31531718226976235 1
gene  1 11 24 0.25946844041381323 0 1413.0 0.25946844041381323 1
gene  1 12 24 0.26606763091851604 0 1414.0 0.26606763091851604 1
gene  1 16 24 0.6796948083364395 0 1418.0 0.6796948083364395 1
gene  1 19 24 -0.5642813865661105 0 1421.0 -0.5642813865661105 1
gene  1 23 24 -0.9332632957612254 0 1425.0 -0.9332632957612254 1
gene  1 24 24 0.8410235059752398 1 1426.0 0.8410235059752398 1
gene  1 53 24 -0.5572939345212173 1 1455.0 -0.5572939345212173 1
gene  1 55 24 -0.619216149494267 1 1457.0 -0.619216149494267 1
gene  1 58 24 0.24179612167949338 1 1460.0 0.24179612167949338 1
gene  1 61 24 0.9415163145844747 1 1463.0 0.9415163145844747 1
gene  1 2 25 -0.6262702477131357 0 1465.0 -0.6262702477131357 1
gene  1 4 25 -0.8020856569518399 0 1467.0 -0.8020856569518399 1
gene  1 5 25 0.5043766863804282 0 1468.0 0.5043766863804282 1
gene  1 7 25 0.1867511907766276 0 1470.0 0.1867511907766276 1
gene  1 9 25 0.3224327871205701 0 1472.0 0.3224327871205701 1
gene  1 10 25 -0.14737177451599903 0 1473.0 -0.14737177451599903 1
gene  1 15 25 0.14029521624697994 0 1478.0 0.14029521624697994 1
gene  1 16 25 -0.9894871616874162 0 1479.0 -0.9894871616874162 1
gene  1 18 25 0.7222675533965267 0 1481.0 0.7222675533965267 1
gene  1 19 25 0.3746878122488527 0 1482.0 0.3746878122488527 1
gene  1 20 25 -0.14392355676565693 0 1483.0 -0.14392355676565693 1
gene  1 21 25 0.8287402513405779 0 1484.0 0.8287402513405779 0
gene  1 23 25 0.8527258760141345 0 1486.0 0.8527258760141345 1
gene  1 26 25 -0.40895441443722635 1 1489.0 -0.40895441443722635 1
gene  1 56 25 0.7606912336960947 1 1519.0 0.7606912336960947 1
gene  1 57 25 0.6322087845429637 1 1520.0 0.6322087845429637 1
gene  1 58 25 0.9971406979268792 1 1521.0 0.9971406979268792 1
gene  1 59 25 -0.34641862700662984 1 1522.0 -0.34641862700662984 1
gene  1 60 25 0.4369026291013065 1 1523.0 0.4369026291013065 1
gene  1 3 26 0.8530133576077191 0 1527.0 0.8530133576077191 1
gene  1 4 26 0.9196114245276423 0 1528.0 0.9196114245276423 1
gene  1 6 26 0.6664576239322565 0 1530.0 0.6664576239322565 1
gene  1 7 26 -0.5552696871527999 0 1531.0 -0.5552696871527999 1
gene  1 9 26 0.3965299888465027 0 1533.0 0.3965299888465027 1
gene  1 11 26 0.6469078056705394 0 1535.0 0.6469078056705394 1
gene  1 12 26 0.31111935260956525 0 1536.0 0.31111935260956525 1
gene  1 13 26 0.9276320070483041 0 1537.0 0.9276320070483041 1
gene  1 16 26 0.056837690149553866 0 1540.0 0.056837690149553866 1
gene  1 23 26 0.8938156518296294 0 1547.0 0.8938156518296294 1
gene  1 24 26 0.923468267204436 0 1548.0 0.923468267204436 1
gene  1 26 26 -0.2397910774824622 1 1550.0 -0.2397910774824622 1
gene  1 57 26 0.0712945074719935 1 1581.0 0.0712945074719935 1
gene  1 58 26 0.19273546042521073 1 1582.0 0.19273546042521073 1
gene  1 1 52 -0.4631623479743573 0 3111.0 -0.4631623479743573 1
gene  1 4 52 -0.045731527594928933 0 3114.0 -0.045731527594928933 1
gene  1 5 52 -0.9180725952291512 0 3115.0 -0.9180725952291512 1
gene  1 6 52 -0.3859739432016751 0 3116.0 -0.3859739432016751 1
gene  1 11 52 0.748790728429872 0 3121.0 0.748790728429872 1
gene  1 13 52 -0.8266591626455725 0 3123.0 -0.8266591626455725 1
gene  1 16 52 0.5465642349613792 0 3126.0 0.5465642349613792 1
gene  1 19 52 -0.0011418938475223905 0 3129.0 -0.0011418938475223905 1
gene  1 20 52 0.34123645070698516 0 3130.0 0.34123645070698516 1
gene  1 21 52 -0.5730377209518611 0 3131.0 -0.5730377209518611 1
gene  1 22 52 0.935241998785383 0 3132.0 0.935241998785383 1
gene  1 24 52 -0.5948641336129208 0 3134.0 -0.5948641336129208 1
gene  1 26 52 -0.94495175281592 0 3136.0 -0.94495175281592 1
gene  1 53 52 -0.2458203863125007 1 3163.0 -0.2458203863125007 1
gene  1 54 52 0.6660076881179862 1 3164.0 0.6660076881179862 1
gene  1 55 52 -0.9029712268094513 1 3165.0 -0.9029712268094513 1
gene  1 56 52 -0.01317698495843267 1 3166.0 -0.01317698495843267 1
gene  1 58 52 -0.9288867800365236 1 3168.0 -0.9288867800365236 1
gene  1 59 52 -0.14787120949988197 1 3169.0 -0.14787120949988197 1
gene  1 60 52 -0.3587048416354566 1 3170.0 -0.3587048416354566 1
gene  1 1 53 0.08180674789183728 0 3172.0 0.08180674789183728 1
gene  1 3 53 -0.02272463198145047 0 3174.0 -0.02272463198145047 0
gene  1 4 53 -0.1349041368087336 0 3175.0 -0.1349041368087336 1
gene  1 7 53 -0.5633300912623457 0 3178.0 -0.5633300912623457 1
gene  1 8 53 -0.09219128982532865 0 3179.0 -0.09219128982532865 1
gene  1 9 53 -0.14592731472247122 0 3180.0 -0.14592731472247122 1
gene  1 13 53 -0.2921358048447188 0 3184.0 -0.2921358048447188 1
gene  1 17 53 -0.7418854765899427 0 3188.0 -0.7418854765899427 1
gene  1 18 53 0.39741501301766236 0 3189.0 0.39741501301766236 1
gene  1 21 53 -0.6242785833339597 0 3192.0 -0.6242785833339597 1
gene  1 24 53 -0.15609574005083182 0 3195.0 -0.15609574005083182 1
gene  1 25 53 -0.2634666271807957 0 3196.0 -0.2634666271807957 1
gene  1 52 53 0.565649622038317 0 3223.0 0.565649622038317 1
gene  1 55 53 0.34710134466841736 1 3226.0 0.34710134466841736 1
gene  1 56 53 0.9111281020995624 1 3227.0 0.9111281020995624 1
gene  1 58 53 -0.4201591920481377 1 3229.0 -0.4201591920481377 1
gene  1 60 53 0.518545367357476 1 3231.0 0.518545367357476 1
gene  1 61 53 -0.06907453262165808 1 3232.0 -0.06907453262165808 1
gene  1 3 54 -0.8148534831737138 0 3235.0 -0.8148534831737138 1
gene  1 7 54 -0.8581113240744229 0 3239.0 -0.8581113240744229 1
gene  1 8 54 0.977183230756255 0 3240.0 0.977183230756255 1
gene  1 9 54 0.8166585509559541 0 3241.0 0.8166585509559541 1
gene  1 10 54 -0.8220542836709722 0 3242.0 -0.8220542836709722 1
gene  1 11 54 -0.15174390020265216 0 3243.0 -0.15174390020265216 1
gene  1 17 54 -0.8721197959875068 0 3249.0 -0.8721197959875068 1
gene  1 18 54 -0.22727936729723508 0 3250.0 -0.22727936729723508 1
gene  1 19 54 0.3010054326262206 0 3251.0 0.3010054326262206 1
gene  1 22 54 -0.8680878947719015 0 3254.0 -0.8680878947719015 1
gene  1 23 54 -0.031150106754052942 0 3255.0 -0.031150106754052942 1
gene  1 24 54 -0.38404536526324384 0 3256.0 -0.38404536526324384 1
gene  1 25 54 0.6444333475038543 0 3257.0 0.6444333475038543 1
gene  1 52 54 -0.23994004548720405 0 3284.0 -0.23994004548720405 1
gene  1 53 54 -0.5465978266483805 0 3285.0 -0.5465978266483805 1
gene  1 54 54 0.9084196079980964 1 3286.0 0.9084196079980964 1
gene  1 59 54 0.8428080591622988 1 3291.0 0.8428080591622988 1
gene  1 60 54 0.9580417612096428 1 3292.0 0.9580417612096428 1
gene  1 2 55 -0.18560069124844836 0 3295.0 -0.18560069124844836 1
gene  1 3 55 0.8092369215758151 0 3296.0 0.8092369215758151 1
gene  1 7 55 -0.6138766011612191 0 3300.0 -0.6138766011612191 1
gene  1 9 55 0.10478899503574202 0 3302.0 0.10478899503574202 1
gene  1 13 55 -0.7187496227005723 0 3306.0 -0.7187496227005723 1
gene  1 15 55 0.35190036278724035 0 3308.0 0.35190036278724035 1
gene  1 16 55 -0.731925198947055 0 3309.0 -0.731925198947055 1
gene  1 21 55 -0.4329225610011982 0 3314.0 -0.4329225610011982 1
gene  1 22 55 0.26569492429987807 0 3315.0 0.26569492429987807 1
gene  1 24 55 -0.1715565424094624 0 3317.0 -0.1715565424094624 1
gene  1 25 55 0.6452846192572792 0 3318.0 0.6452846192572792 1
gene  1 52 55 -0.8869587041994752 0 3345.0 -0.8869587041994752 1
gene  1 53 55 -0.5864609330795698 0 3346.0 -0.5864609330795698 1
gene  1 54 55 0.09544718961892251 0 3347.0 0.09544718961892251 1
gene  1 56 55 -0.04251101949796576 1 3349.0 -0.04251101949796576 1
gene  1 57 55 -0.864396064878302 1 3350.0 -0.864396064878302 1
gene  1 61 55 -0.5640931577291316 1 3354.0 -0.5640931577291316 1
gene  1 1 56 0.9212541897871644 0 3355.0 0.9212541897871644 1
gene  1 2 56 -0.567305858837517 0 3356.0 -0.567305858837517 1
gene  1 4 56 -0.4064583469547445 0 3358.0 -0.4064583469547445 1
gene  1 5 56 0.04215882253046599 0 3359.0 0.04215882253046599 1
gene  1 7 56 -0.4007618498614104 0 3361.0 -0.4007618498614104 1
gene  1 9 56 -0.5897769629117597 0 3363.0 -0.5897769629117597 1
gene  1 10 56 -0.529650371407288 0 3364.0 -0.529650371407288 1
gene  1 11 56 -0.2981633149345251 0 3365.0 -0.2981633149345251 1
gene  1 14 56 -0.25409142081267977 0 3368.0 -0.25409142081267977 1
gene  1 15 56 0.6266593833562847 0 3369.0 0.6266593833562847 1
gene  1 16 56 0.7919469595275666 0 3370.0 0.7919469595275666 1
gene  1 17 56 -0.08414178659595728 0 3371.0 -0.08414178659595728 1
gene  1 19 56 -0.46353403203851995 0 3373.0 -0.46353403203851995 1
gene  1 20 56 -0.3345548189740153 0 3374.0 -0.3345548189740153 1
gene  1 54 56 -0.010099860689706253 0 3408.0 -0.010099860689706253 1
gene  1 56 56 -0.6659172019410549 1 3410.0 -0.6659172019410549 1
gene  1 57 56 -0.8139073983388099 1 3411.0 -0.8139073983388099 1
gene  1 61 56 0.7564317737823459 1 3415.0 0.7564317737823459 1
gene  1 4 57 0.6833160942868671 0 3419.0 0.6833160942868671 1
gene  1 6 57 0.19454380502167412 0 3421.0 0.19454380502167412 1
gene  1 7 57 0.5265532936989712 0 3422.0 0.5265532936989712 1
gene  1 10 57 -0.8202515177148539 0 3425.0 -0.8202515177148539 1
gene  1 13 57 -0.0562796778729443 0 3428.0 -0.0562796778729443 1
gene  1 14 57 0.08340907698071998 0 3429.0 0.08340907698071998 1
gene  1 16 57 0.41661679471167523 0 3431.0 0.41661679471167523 1
gene  1 18 57 -0.7167162885421855 0 3433.0 -0.7167162885421855 1
gene  1 19 57 -0.0908892648252888 0 3434.0 -0.0908892648252888 1
gene  1 23 57 0.6128566308356407 0 3438.0 0.6128566308356407 1
gene  1 24 57 0.7500162070928011 0 3439.0 0.7500162070928011 1
gene  1 25 57 -0.3272233915628603 0 3440.0 -0.3272233915628603 1
gene  1 26 57 -0.6777624967488745 0 3441.0 -0.6777624967488745 1
gene  1 53 57 -0.4959000510382442 0 3468.0 -0.4959000510382442 1
gene  1 55 57 -0.52131718297662 0 3470.0 -0.52131718297662 1
gene  1 56 57 0.04896949529815464 0 3471.0 0.04896949529815464 1
gene  1 58 57 0.7689964250313839 1 3473.0 0.7689964250313839 1
gene  1 60 57 0.6028804302321282 1 3475.0 0.6028804302321282 1
gene  1 61 57 0.2722262793826056 1 3476.0 0.2722262793826056 1
gene  1 2 58 0.24698110446024613 0 3478.0 0.24698110446024613 1
gene  1 4 58 -0.3632184901454951 0 3480.0 -0.3632184901454951 1
gene  1 5 58 -0.9334119485465177 0 3481.0 -0.9334119485465177 1
gene  1 6 58 -0.5501597517799078 0 3482.0 -0.5501597517799078 1
gene  1 10 58 -0.8372198575811803 0 3486.0 -0.8372198575811803 1
gene  1 12 58 0.32984454514544814 0 3488.0 0.32984454514544814 1
gene  1 13 58 0.4486677092828134 0 3489.0 0.4486677092828134 1
gene  1 20 58 -0.3167347761423266 0 3496.0 -0.3167347761423266 1
gene  1 22 58 -0.7147686012344112 0 3498.0 -0.7147686012344112 1
gene  1 23 58 0.3757784197880112 0 3499.0 0.3757784197880112 1
gene  1 25 58 0.7283647700485669 0 3501.0 0.7283647700485669 1
gene  1 52 58 -0.8783642485977075 0 3528.0 -0.8783642485977075 1
gene  1 53 58 -0.5397684556146025 0 3529.0 -0.5397684556146025 1
gene  1 54 58 0.2855204734687311 0 3530.0 0.2855204734687311 1
gene  1 55 58 -0.021471299066743055 0 3531.0 -0.021471299066743055 1
gene  1 57 58 -0.4685728033856462 0 3533.0 -0.4685728033856462 1
gene  1 58 58 -0.7939429475811351 1 3534.0 -0.7939429475811351 1
gene  1 2 59 -0.202648628327614 0 3539.0 -0.202648628327614 1
gene  1 3 59 -0.028812330715951795 0 3540.0 -0.028812330715951795 1
gene  1 6 59 -0.37923511802715226 0 3543.0 -0.37923511802715226 1
gene  1 7 59 0.6442820806944562 0 3544.0 0.6442820806944562 1
gene  1 9 59 -0.7616254865336519 0 3546.0 -0.7616254865336519 1
gene  1 10 59 0.33490189018909855 0 3547.0 0.33490189018909855 1
gene  1 12 59 -0.35257632041888687 0 3549.0 -0.35257632041888687 1
gene  1 13 59 -0.47921423130176855 0 3550.0 -0.47921423130176855 1
gene  1 17 59 0.46546633457573217 0 3554.0 0.46546633457573217 1
gene  1 18 59 -0.4253604189818839 0 3555.0 -0.4253604189818839 1
gene  1 19 59 -0.8162625862182114 0 3556.0 -0.8162625862182114 1
gene  1 20 59 0.6071850066807634 0 3557.0 0.6071850066807634 1
gene  1 23 59 0.7754555262975821 0 3560.0 0.7754555262975821 1
gene  1 24 59 -0.5494465950329227 0 3561.0 -0.5494465950329227 1
gene  1 25 59 0.9009074449295407 0 3562.0 0.9009074449295407 1
gene  1 52 59 -0.47818746278220225 0 3589.0 -0.47818746278220225 1
gene  1 54 59 -0.9191718985749846 0 3591.0 -0.9191718985749846 1
gene  1 55 59 0.6631729845713159 0 3592.0 0.6631729845713159 1
gene  1 56 59 0.12536918915049067 0 3593.0 0.12536918915049067 1
gene  1 57 59 0.4650145309278426 0 3594.0 0.4650145309278426 1
gene  1 58 59 0.7148048800217143 0 3595.0 0.7148048800217143 1
gene  1 1 60 -0.40019467865578207 0 3599.0 -0.40019467865578207 1
gene  1 4 60 0.1947266384360994 0 3602.0 0.1947266384360994 1
gene  1 8 60 -0.14178188552364424 0 3606.0 -0.14178188552364424 1
gene  1 9 60 0.5822146162177384 0 3607.0 0.5822146162177384 1
gene  1 10 60 -0.5325412360412649 0 3608.0 -0.5325412360412649 1
gene  1 12 60 0.725088265912484 0 3610.0 0.725088265912484 1
gene  1 13 60 -0.6509126733106576 0 3611.0 -0.6509126733106576 1
gene  1 15 60 -0.9903853925498229 0 3613.0 -0.9903853925498229 1
gene  1 17 60 -0.0030623807952219195 0 3615.0 -0.0030623807952219195 1
gene  1 19 60 0.5065724507411046 0 3617.0 0.5065724507411046 1
gene  1 22 60 0.043984961253203614 0 3620.0 0.043984961253203614 1
gene  1 52 60 0.5496970093463442 0 3650.0 0.5496970093463442 1
gene  1 53 60 0.1223116212567471 0 3651.0 0.1223116212567471 1
gene  1 54 60 0.4309382798813093 0 3652.0 0.4309382798813093 1
gene  1 55 60 0.9136849229989913 0 3653.0 0.9136849229989913 1
gene  1 57 60 -0.7655170792211016 0 3655.0 -0.7655170792211016 1
gene  1 60 60 -0.44500371483187484 1 3658.0 -0.44500371483187484 1
gene  1 1 61 0.6553566384056028 0 3660.0 0.6553566384056028 1
gene  1 2 61 0.5600319858253354 0 3661.0 0.5600319858253354 1
gene  1 4 61 -0.6436018957227643 0 3663.0 -0.6436018957227643 1
gene  1 5 61 0.6800385146898426 0 3664.0 0.6800385146898426 1
gene  1 7 61 0.3324825402986541 0 3666.0 0.3324825402986541 1
gene  1 10 61 0.8198634841467363 0 3669.0 0.8198634841467363 1
gene  1 15 61 -0.1911603333226417 0 3674.0 -0.1911603333226417 1
gene  1 19 61 0.4826398841026073 0 3678.0 0.4826398841026073 1
gene  1 22 61 -0.11498414461559936 0 3681.0 -0.11498414461559936 1
gene  1 23 61 -0.3594845435179065 0 3682.0 -0.3594845435179065 1
gene  1 25 61 0.7505359194743734 0 3684.0 0.7505359194743734 1
gene  1 52 61 0.35104795039020353 0 3711.0 0.35104795039020353 1
gene  1 54 61 0.11754111833855707 0 3713.0 0.11754111833855707 1
gene  1 55 61 0.12097192167606052 0 3714.0 0.12097192167606052 1
gene  1 56 61 -0.6925237219269196 0 3715.0 -0.6925237219269196 1
gene  1 57 61 0.061434862530419854 0 3716.0 0.061434862530419854 1
gene  1 59 61 0.49045915930249384 0 3718.0 0.49045915930249384 1
gene  1 60 61 -0.01681396419619119 0 3719.0 -0.01681396419619119 1
gene  1 26 67 1.0 1 3733.0 0.0 1
gene  1 67 12 -0.5558982491541062 0 3734.0 0.0 1
gene  1 3 69 1.0 0 3737.0 0.0 1
gene  1 69 53 -0.02272463198145047 0 3738.0 0.0 1
gene  1 21 69 1.0 0 3737.0 0.0 1
gene  1 69 25 0.8287402513405779 0 3738.0 0.0 1
genomeend 90024