genomestart  59
trait 1 0.1 0.0 0.0 0.0 0.0 0.0 0.0 0.0 
trait 2 0.2 0.0 0.0 0.0 0.0 0.0 0.0 0.0 
trait 3 0.9774896173313197 0.0 0.0 0.0 0.0 0.0 0.0 0.30695160929369625 
node 1 3 1 1
node 2 1 1 1
node 3 1 1 3
node 4 1 0 2
node 27 1 0 0
gene  1 1 4 -5.398502076344608 0 1.0 -5.398502076344608 1
gene  2 2 4 -2.7326080372615835 0 2.0 -2.7326080372615835 1
gene  3 3 4 -10.419464510510808 0 3.0 -10.419464510510808 1
gene  3 1 27 5.299438239870012 0 80.0 5.299438239870012 1
gene  1 27 4 18.114964428518324 0 81.0 18.114964428518324 1
gene  2 3 27 -1.4225435039748184 0 109.0 -1.4225435039748184 1
gene  2 2 27 3.936789949143983 0 113.0 3.936789949143983 1
genomeend 59
