genomestart  39
trait 1 0.07500000000000001 0.2072284296513441 0.0 0.0 0.0 0.0 0.0 0.0 
trait 2 0.2 0.0 0.0 0.0 0.0 0.0 0.0 0.0 
trait 3 0.3 0.475715308707353 0.23456319870909614 0.35145865708632473 0.0 0.0 0.0 0.0 
node 1 2 1 1
node 2 2 1 1
node 3 1 1 3
node 4 1 0 2
node 7 2 0 0
node 14 1 0 0
node 26 1 0 0
node 99 2 0 0
node 152 1 0 0
gene  1 1 4 -0.04083745026574692 0 1.0 -0.04083745026574692 0
gene  2 2 4 -1.430440767112554 0 2.0 -1.430440767112554 0
gene  3 3 4 -14.712417255374428 0 3.0 -14.712417255374428 1
gene  1 1 7 -0.8818218677695446 0 8.0 -0.8818218677695446 0
gene  1 7 4 -2.816170942709216 0 9.0 -2.816170942709216 0
gene  1 1 14 -0.7903579957796314 0 27.0 -0.7903579957796314 1
gene  1 14 4 -0.14332193903135088 0 28.0 -0.14332193903135088 1
gene  2 3 7 -1.192383474611318 0 53.0 -1.192383474611318 1
gene  2 2 26 2.5507847983264544 0 72.0 2.5507847983264544 1
gene  2 26 4 18.32598633389459 0 73.0 18.32598633389459 1
gene  1 1 26 2.65968670449288 0 93.0 2.65968670449288 1
gene  1 3 14 -0.16916235887985964 0 199.0 -0.16916235887985964 1
gene  1 7 99 -0.8929210004976171 0 409.0 -0.8929210004976171 1
gene  1 99 4 -8.765993029150835 0 410.0 -8.765993029150835 1
gene  1 2 99 0.38184247892162015 0 626.0 0.38184247892162015 0
gene  1 2 152 -0.9286542085354399 0 664.0 -0.9286542085354399 1
gene  1 152 99 -1.2785761080553681 0 665.0 -1.2785761080553681 1
gene  3 14 152 1.6590156701371692 0 760.0 1.6590156701371692 1
genomeend 39
