genomestart  21
trait 1 0.05690637560727929 0.0 0.0 0.5295203930149014 0.6874495760107049 0.2612176252586514 0.24942653363099265 0.0037586221827266564 
trait 2 0.2 0.0 0.0 0.0 0.0 0.0 0.0 0.0 
trait 3 0.3459898992173307 0.0 0.0 0.0 0.0 0.09782773495057207 0.08357976993086841 0.07101291069219386 
node 1 1 1 1
node 2 1 1 1
node 3 1 1 3
node 4 1 0 2
node 12 1 0 0
gene  1 1 4 -3.509496629447825 0 1.0 -3.509496629447825 1
gene  2 2 4 -4.373988878075861 0 2.0 -4.373988878075861 1
gene  3 3 4 -7.738090649081423 0 3.0 -7.738090649081423 1
gene  1 1 12 0.9945908294894134 0 21.0 0.9945908294894134 1
gene  1 12 4 13.388453675409265 0 22.0 13.388453675409265 1
gene  3 2 12 9.769858835992137 0 36.0 9.769858835992137 1
genomeend 21
