genomestart  47
trait 1 0.1 0.0 0.0 0.0 0.0 0.0 0.0 0.0 
trait 2 0.2 0.0 0.0 0.0 0.0 0.0 0.0 0.0 
trait 3 1.199151331198746 0.0 0.0 0.0 0.20841105937580062 0.0 0.0 0.30695160929369625 
node 1 3 1 1
node 2 1 1 1
node 3 1 1 3
node 4 1 0 2
node 27 1 0 0
gene  1 1 4 -4.4402283796421536 0 1.0 -4.4402283796421536 1
gene  2 2 4 -6.083615199522358 0 2.0 -6.083615199522358 1
gene  3 3 4 -14.61950751930959 0 3.0 -14.61950751930959 1
gene  3 1 27 8.472058102665292 0 80.0 8.472058102665292 1
gene  1 27 4 22.094279004932076 0 81.0 22.094279004932076 1
gene  2 3 27 -4.466405442488449 0 109.0 -4.466405442488449 1
gene  2 2 27 9.596201135533136 0 113.0 9.596201135533136 1
genomeend 47
