genomestart  32
trait 1 0.1 0.0 0.0 0.0 0.0 0.0 0.0 0.0 
trait 2 0.2 0.0 0.0 0.0 0.0 0.0 0.0 0.0 
trait 3 1.199151331198746 0.0 0.0 0.0 0.20841105937580062 0.0 0.0 0.30695160929369625 
node 1 1 1 1
node 2 1 1 1
node 3 3 1 3
node 4 1 0 2
node 27 1 0 0
gene  1 1 4 -7.271386966987769 0 1.0 -7.271386966987769 1
gene  2 2 4 -9.53880489166265 0 2.0 -9.53880489166265 1
gene  3 3 4 -11.834494065404826 0 3.0 -11.834494065404826 1
gene  3 1 27 7.8932724075329075 0 80.0 7.8932724075329075 1
gene  1 27 4 23.122780514897222 0 81.0 23.122780514897222 1
gene  2 3 27 -1.0526145601452068 0 109.0 -1.0526145601452068 1
gene  3 2 27 5.950573001103579 0 113.0 5.950573001103579 1
genomeend 32
