genomestart  9
trait 1 0.1 0.0 0.0 0.0 0.0 0.0 0.0 0.0 
trait 2 0.2 0.0 0.0 0.0 0.0 0.0 0.0 0.0 
trait 3 1.151261093921767 0.0 0.3757904518075883 0.5931851759569372 0.20136119511435402 0.0 0.0 0.09193199983138745 
node 1 3 1 1
node 2 1 1 1
node 3 3 1 3
node 4 1 0 2
node 27 1 0 0
gene  1 1 4 -7.831531840562248 0 1.0 -7.831531840562248 1
gene  2 2 4 -14.65719824574666 0 2.0 -14.65719824574666 1
gene  3 3 4 -5.195104981851854 0 3.0 -5.195104981851854 1
gene  3 1 27 6.685291279209888 0 80.0 6.685291279209888 1
gene  1 27 4 23.432321621198593 0 81.0 23.432321621198593 1
gene  2 3 27 -2.6671983657519265 0 109.0 -2.6671983657519265 1
gene  2 2 27 5.2504309781455305 0 113.0 5.2504309781455305 1
genomeend 9
