genomestart  50
trait 1 0.1 0.0 0.0 0.0 0.0 0.0 0.0 0.0 
trait 2 0.2 0.0 0.0 0.0 0.0 0.0 0.0 0.0 
trait 3 1.199151331198746 0.0 0.0 0.0 0.20841105937580062 0.0 0.0 0.30695160929369625 
node 1 3 1 1
node 2 1 1 1
node 3 1 1 3
node 4 1 0 2
node 27 1 0 0
gene  1 1 4 -7.555980899196939 0 1.0 -7.555980899196939 1
gene  3 2 4 -4.820460477514677 0 2.0 -4.820460477514677 1
gene  3 3 4 -15.052750689167087 0 3.0 -15.052750689167087 1
gene  3 1 27 7.92087559435821 0 80.0 7.92087559435821 1
gene  1 27 4 22.886678217804878 0 81.0 22.886678217804878 1
gene  2 3 27 -2.8199751352702735 0 109.0 -2.8199751352702735 1
gene  2 2 27 5.314012748670645 0 113.0 5.314012748670645 1
genomeend 50
