genomestart  133
trait 1 0.1 0.0 0.0 0.0 0.0 0.0 0.0 0.9215261778443973 
trait 2 0.0 0.0 0.0 0.8056989881279027 0.29416390828771033 0.0 0.7281276625420764 0.1977759466265766 
trait 3 1.1756921149299229 0.8951226429568169 0.884616140648225 0.0 0.0 0.27087001438374825 0.0 0.0 
node 1 3 1 1
node 2 3 1 1
node 3 1 1 3
node 4 1 0 2
node 7 2 0 0
node 14 1 0 0
node 17 1 0 0
node 28 1 0 0
node 48 1 0 0
gene  1 1 4 0.9311233827919227 0 1.0 0.9311233827919227 1
gene  2 2 4 -1.162433159267425 0 2.0 -1.162433159267425 1
gene  3 3 4 -0.7670938284278386 0 3.0 -0.7670938284278386 1
gene  1 1 7 -0.053700105819975974 0 8.0 -0.053700105819975974 0
gene  1 7 4 -3.0323177035732254 0 9.0 -3.0323177035732254 1
gene  1 1 14 -1.5343629056886323 0 27.0 -1.5343629056886323 1
gene  1 14 4 -0.24110977977130355 0 28.0 -0.24110977977130355 1
gene  2 2 17 -3.894592988860306 0 37.0 -3.894592988860306 1
gene  1 17 4 -3.3099081637951535 0 38.0 -3.3099081637951535 1
gene  2 1 17 4.30897339253652 0 54.0 4.30897339253652 1
gene  1 1 28 -7.844458083304531 0 78.0 -7.844458083304531 1
gene  1 28 7 1.6355938541924497 0 79.0 1.6355938541924497 1
gene  1 1 48 2.3886795286843907 0 154.0 2.3886795286843907 1
gene  1 48 4 6.562979153766331 0 155.0 6.562979153766331 1
gene  1 48 28 -0.6329944461535246 0 180.0 -0.6329944461535246 1
gene  2 14 28 -0.7096312644811795 0 551.0 -0.7096312644811795 1
gene  3 2 48 4.3359232993655565 0 568.0 4.3359232993655565 1
gene  2 2 28 8.58414514846409 0 785.0 8.58414514846409 1
genomeend 133
