genomestart  29
trait 1 0.08095703125 0.17058250465120967 0.0 0.03137016751792348 0.0 0.0 0.0 0.0 
trait 2 0.24344716250459295 0.0 0.03420370051487321 0.05329185178940672 0.0 0.04194257483884601 0.0 0.0 
trait 3 0.3 0.08272181738054382 0.2515412502623684 0.0 0.0 0.6192375517619333 0.2919406141810683 0.13865768321162808 
node 1 2 1 1
node 2 1 1 1
node 3 1 1 3
node 4 1 0 2
node 7 1 0 0
node 26 2 0 0
node 29 1 0 0
node 165 1 0 0
gene  1 1 4 -0.3608910615764962 0 1.0 -0.3608910615764962 0
gene  2 2 4 -13.166868926062273 0 2.0 -13.166868926062273 1
gene  3 3 4 -12.100550597073717 0 3.0 -12.100550597073717 1
gene  1 1 7 16.521591354225983 0 8.0 16.521591354225983 1
gene  1 7 4 16.15575611093162 0 9.0 16.15575611093162 1
gene  2 2 7 1.898781477394244 0 12.0 1.898781477394244 0
gene  2 3 7 -0.9958281791614092 0 64.0 -0.9958281791614092 1
gene  3 1 26 -0.09001121141372925 0 73.0 -0.09001121141372925 1
gene  1 26 4 3.3945292409929184 0 74.0 3.3945292409929184 1
gene  1 1 29 -5.631152390932136 0 90.0 -5.631152390932136 1
gene  1 29 7 2.695217369075716 0 91.0 2.695217369075716 1
gene  3 2 29 1.1811616480097877 0 185.0 1.1811616480097877 1
gene  3 29 4 6.7824856980739945 0 315.0 6.7824856980739945 1
gene  2 3 26 3.307605952724384 0 337.0 3.307605952724384 1
gene  1 29 26 0.503298701949678 0 357.0 0.503298701949678 1
gene  2 2 165 -3.802424360546994 0 731.0 -3.802424360546994 1
gene  2 165 7 -1.8408410038938476 0 732.0 -1.8408410038938476 1
genomeend 29
