genomestart  14
trait 1 0.4356344284117847 0.02176793213446368 0.0 0.4535991716431497 0.0 0.0 0.0 0.0 
trait 2 0.16392483299056151 0.0 0.017101850257436605 0.0 0.35628714894695485 0.0 0.0 0.4373848502243795 
trait 3 0.6827983456783098 0.009926618085665258 0.22506322391896116 0.7092368523833524 0.45929030022144673 0.08869731039992779 0.0 0.5290259312986609 
node 1 2 1 1
node 2 2 1 1
node 3 3 1 3
node 4 1 0 2
node 27 3 0 0
gene  1 1 4 -6.583046342941656 0 1.0 -6.583046342941656 1
gene  2 2 4 -15.210944437063812 0 2.0 -15.210944437063812 1
gene  3 3 4 -7.849667554540842 0 3.0 -7.849667554540842 1
gene  3 1 27 7.39382225543038 0 80.0 7.39382225543038 1
gene  1 27 4 25.6125235114216 0 81.0 25.6125235114216 1
gene  2 3 27 -3.94752721731934 0 109.0 -3.94752721731934 1
gene  2 2 27 7.476805842069197 0 113.0 7.476805842069197 1
genomeend 14
