genomestart  47
trait 1 0.1 0.0 0.0 0.0 0.0 0.0 0.0 0.0 
trait 2 0.2 0.0 0.0 0.0 0.0 0.0 0.0 0.0 
trait 3 1.199151331198746 0.0 0.0 0.0 0.20841105937580062 0.0 0.0 0.30695160929369625 
node 1 3 1 1
node 2 1 1 1
node 3 1 1 3
node 4 1 0 2
node 27 1 0 0
gene  1 1 4 -4.941531343397189 0 1.0 -4.941531343397189 1
gene  2 2 4 -4.353767031979623 0 2.0 -4.353767031979623 1
gene  3 3 4 -13.333269457527328 0 3.0 -13.333269457527328 1
gene  3 1 27 9.161738533302817 0 80.0 9.161738533302817 1
gene  1 27 4 22.52425770859469 0 81.0 22.52425770859469 1
gene  2 3 27 -4.304914809029849 0 109.0 -4.304914809029849 1
gene  2 2 27 9.898980777155444 0 113.0 9.898980777155444 1
genomeend 47
