genomestart  46
trait 1 0.1 0.0 0.0 0.0 0.0 0.0 0.0 0.0 
trait 2 0.2 0.0 0.0 0.0 0.0 0.0 0.0 0.0 
trait 3 1.199151331198746 0.0 0.0 0.0 0.20841105937580062 0.0 0.0 0.30695160929369625 
node 1 3 1 1
node 2 1 1 1
node 3 1 1 3
node 4 1 0 2
node 27 1 0 0
gene  1 1 4 -7.2214439175363445 0 1.0 -7.2214439175363445 1
gene  2 2 4 -5.0075363841947995 0 2.0 -5.0075363841947995 1
gene  3 3 4 -12.290646443260279 0 3.0 -12.290646443260279 1
gene  3 1 27 8.861616641855314 0 80.0 8.861616641855314 1
gene  1 27 4 20.182309897828677 0 81.0 20.182309897828677 1
gene  2 3 27 -5.853690074982063 0 109.0 -5.853690074982063 1
gene  2 2 27 9.842025932623335 0 113.0 9.842025932623335 1
genomeend 46
