genomestart  41
trait 1 0.1 0.0 0.0 0.0 0.0 0.0 0.0 0.0 
trait 2 0.2 0.0 0.0 0.0 0.0 0.0 0.0 0.0 
trait 3 1.199151331198746 0.0 0.0 0.0 0.20841105937580062 0.0 0.0 0.30695160929369625 
node 1 3 1 1
node 2 1 1 1
node 3 3 1 3
node 4 1 0 2
node 27 1 0 0
gene  1 1 4 -6.746875976801437 0 1.0 -6.746875976801437 1
gene  2 2 4 -7.2271925184307335 0 2.0 -7.2271925184307335 1
gene  3 3 4 -10.05449483550901 0 3.0 -10.05449483550901 1
gene  3 1 27 8.453185919606494 0 80.0 8.453185919606494 1
gene  1 27 4 21.192057459211277 0 81.0 21.192057459211277 1
gene  2 3 27 -3.3656407883200563 0 109.0 -3.3656407883200563 1
gene  2 2 27 8.393762448894899 0 113.0 8.393762448894899 1
genomeend 41
