genomestart  13
trait 1 0.0 0.0996959996336042 0.0 0.0 0.0 0.17980252092901416 0.0 0.0 
trait 2 0.2 0.0 0.0 0.0 0.0 0.0 0.0 0.0 
trait 3 0.3 0.0 0.0 0.0 0.0 0.0 0.0 0.0 
node 1 2 1 1
node 2 2 1 1
node 3 1 1 3
node 4 1 0 2
node 7 2 0 0
node 14 1 0 0
node 17 1 0 0
node 28 1 0 0
gene  1 1 4 -0.9698072080542564 0 1.0 -0.9698072080542564 1
gene  2 2 4 -1.420938628260371 0 2.0 -1.420938628260371 1
gene  3 3 4 -6.274111305994821 0 3.0 -6.274111305994821 1
gene  1 1 7 -1.2927683770721425 0 8.0 -1.2927683770721425 0
gene  1 7 4 7.473464632993105 0 9.0 7.473464632993105 1
gene  2 1 14 -1.7549411988473327 0 27.0 -1.7549411988473327 1
gene  1 14 4 1.9207775856071811 0 28.0 1.9207775856071811 1
gene  2 2 17 -4.984708786250323 0 37.0 -4.984708786250323 1
gene  2 17 4 2.164407608174617 0 38.0 2.164407608174617 1
gene  2 1 17 -4.741438489535369 0 54.0 -4.741438489535369 1
gene  1 1 28 3.94576015390853 0 78.0 3.94576015390853 1
gene  1 28 7 1.7328328299562552 0 79.0 1.7328328299562552 1
gene  3 17 7 -9.974275087944473 0 148.0 -9.974275087944473 1
genomeend 13
