genomestart  20
trait 1 0.1 0.0 0.0 0.0 0.0 0.0 0.0 0.0 
trait 2 0.2 0.0 0.0 0.0 0.0 0.0 0.0 0.0 
trait 3 1.199151331198746 0.0 0.0 0.0 0.20841105937580062 0.0 0.0 0.30695160929369625 
node 1 3 1 1
node 2 1 1 1
node 3 3 1 3
node 4 1 0 2
node 27 1 0 0
gene  1 1 4 -10.061797208306277 0 1.0 -10.061797208306277 1
gene  2 2 4 -10.19813624542076 0 2.0 -10.19813624542076 1
gene  3 3 4 -9.047909522978498 0 3.0 -9.047909522978498 1
gene  3 1 27 5.190169174580047 0 80.0 5.190169174580047 1
gene  1 27 4 23.946750191550198 0 81.0 23.946750191550198 1
gene  2 3 27 -2.14653431670618 0 109.0 -2.14653431670618 1
gene  2 2 27 5.027149359747332 0 113.0 5.027149359747332 1
genomeend 20
