genomestart  31
trait 1 0.1 0.0 0.0 0.0 0.0 0.0 0.0 0.0 
trait 2 0.2 0.0 0.0 0.0 0.0 0.0 0.0 0.0 
trait 3 1.199151331198746 0.0 0.0 0.0 0.20841105937580062 0.0 0.0 0.30695160929369625 
node 1 3 1 1
node 2 1 1 1
node 3 3 1 3
node 4 1 0 2
node 27 1 0 0
gene  1 1 4 -12.51734052279375 0 1.0 -12.51734052279375 1
gene  2 2 4 -11.866332453245711 0 2.0 -11.866332453245711 1
gene  3 3 4 -5.498287455509646 0 3.0 -5.498287455509646 1
gene  3 1 27 6.7143295658718 0 80.0 6.7143295658718 1
gene  1 27 4 22.105525445099104 0 81.0 22.105525445099104 1
gene  2 3 27 -1.797665632741754 0 109.0 -1.797665632741754 1
gene  2 2 27 6.344305219139246 0 113.0 6.344305219139246 1
genomeend 31
