genomestart  11
trait 1 0.0 0.0996959996336042 0.0 0.0 0.0 0.17980252092901416 0.0 0.0 
trait 2 0.2 0.0 0.0 0.0 0.0 0.0 0.0 0.0 
trait 3 0.3 0.0 0.0 0.8153466414577913 0.0 0.0 0.0 0.16360210646758178 
node 1 2 1 1
node 2 2 1 1
node 3 1 1 3
node 4 1 0 2
node 7 2 0 0
node 14 1 0 0
node 17 1 0 0
node 28 1 0 0
gene  1 1 4 -0.2562727946928063 0 1.0 -0.2562727946928063 1
gene  2 2 4 -4.506473043854021 0 2.0 -4.506473043854021 1
gene  3 3 4 -4.454286460594943 0 3.0 -4.454286460594943 1
gene  1 1 7 -2.3535261740176727 0 8.0 -2.3535261740176727 0
gene  1 7 4 7.766347224785749 0 9.0 7.766347224785749 1
gene  2 1 14 0.24935228879902782 0 27.0 0.24935228879902782 1
gene  1 14 4 3.1129987647608726 0 28.0 3.1129987647608726 1
gene  2 2 17 -2.1268346282990525 0 37.0 -2.1268346282990525 1
gene  2 17 4 -1.1360771150977576 0 38.0 -1.1360771150977576 1
gene  2 1 17 -1.493100219277158 0 54.0 -1.493100219277158 1
gene  3 1 28 -1.2283753153053727 0 78.0 -1.2283753153053727 1
gene  1 28 7 5.076506031251179 0 79.0 5.076506031251179 1
gene  3 17 7 -11.723173673547034 0 148.0 -11.723173673547034 1
genomeend 11
