genomestart  24
trait 1 0.1 0.0 0.0 0.0 0.0 0.0 0.0 0.0 
trait 2 0.2 0.0 0.0 0.0 0.0 0.0 0.0 0.0 
trait 3 1.199151331198746 0.0 0.0 0.0 0.20841105937580062 0.0 0.0 0.30695160929369625 
node 1 3 1 1
node 2 1 1 1
node 3 3 1 3
node 4 1 0 2
node 27 1 0 0
gene  1 1 4 -10.382340093258172 0 1.0 -10.382340093258172 1
gene  2 2 4 -9.549678889905152 0 2.0 -9.549678889905152 1
gene  3 3 4 -4.970710548558463 0 3.0 -4.970710548558463 1
gene  3 1 27 7.707233898640721 0 80.0 7.707233898640721 1
gene  1 27 4 23.67284873840917 0 81.0 23.67284873840917 1
gene  2 3 27 -2.0590336105816536 0 109.0 -2.0590336105816536 1
gene  2 2 27 7.9718220468721 0 113.0 7.9718220468721 1
genomeend 24
