genomestart  40
trait 1 0.1 0.0 0.0 0.0 0.0 0.0 0.0 0.0 
trait 2 0.2 0.0 0.0 0.0 0.0 0.0 0.0 0.0 
trait 3 1.199151331198746 0.0 0.0 0.0 0.20841105937580062 0.0 0.0 0.30695160929369625 
node 1 3 1 1
node 2 1 1 1
node 3 3 1 3
node 4 1 0 2
node 27 1 0 0
gene  1 1 4 -8.917643754784322 0 1.0 -8.917643754784322 1
gene  2 2 4 -10.27719756897504 0 2.0 -10.27719756897504 1
gene  3 3 4 -10.702550545908394 0 3.0 -10.702550545908394 1
gene  3 1 27 8.79115768245439 0 80.0 8.79115768245439 1
gene  1 27 4 22.53071435577569 0 81.0 22.53071435577569 1
gene  2 3 27 -1.1521193286715756 0 109.0 -1.1521193286715756 1
gene  2 2 27 9.656601443230194 0 113.0 9.656601443230194 1
genomeend 40
