genomestart  10
trait 1 0.1 0.0 0.0 0.0 0.0 0.0 0.0 0.0 
trait 2 0.2 0.0 0.0 0.0 0.0 0.0 0.0 0.0 
trait 3 1.151261093921767 0.0 0.0 1.4184737047667049 0.20136119511435402 0.0 0.0 0.0 
node 1 3 1 1
node 2 1 1 1
node 3 3 1 3
node 4 1 0 2
node 27 3 0 0
gene  1 1 4 -12.898504802613038 0 1.0 -12.898504802613038 1
gene  2 2 4 -9.933278228014395 0 2.0 -9.933278228014395 1
gene  3 3 4 -4.965729158139373 0 3.0 -4.965729158139373 1
gene  3 1 27 5.9419878093556795 0 80.0 5.9419878093556795 1
gene  1 27 4 26.12584222089233 0 81.0 26.12584222089233 1
gene  2 3 27 -2.189141974345638 0 109.0 -2.189141974345638 1
gene  2 2 27 5.072690629984425 0 113.0 5.072690629984425 1
genomeend 10
