genomestart  180
trait 1 0.13758880872216217 0.0 0.0 0.0 0.0 0.0 0.0 0.23261439317019972 
trait 2 0.2 0.2177678020902366 0.0 0.796866821784067 0.0 0.0 0.0 0.0 
trait 3 0.0 0.0 0.0 0.7511428217536676 0.0 0.14369714681040224 1.8412413201379243 0.0 
node 1 2 1 1
node 2 2 1 1
node 3 1 1 3
node 4 3 0 2
node 17 1 0 0
node 59 1 0 0
node 219 1 0 0
gene  3 1 4 -4.888001789681535 0 1.0 -4.888001789681535 1
gene  3 2 4 1.3618453772943462 0 2.0 1.3618453772943462 0
gene  3 3 4 -13.959959896115864 0 3.0 -13.959959896115864 1
gene  2 1 17 3.464965708512357 0 38.0 3.464965708512357 1
gene  3 17 4 20.05509537840946 0 39.0 20.05509537840946 1
gene  1 2 17 11.372033304807513 0 175.0 11.372033304807513 1
gene  2 2 59 3.1493761953644093 0 244.0 3.1493761953644093 1
gene  1 59 4 -2.7848548592611646 0 245.0 -2.7848548592611646 1
gene  1 1 59 -1.615691498684264 0 850.0 -1.615691498684264 1
gene  2 1 219 0.49319203096141795 0 953.0 0.49319203096141795 1
gene  2 219 17 -2.2623108862302184 0 954.0 -2.2623108862302184 1
genomeend 180
