genomestart  40
trait 1 0.1 0.0 0.0 0.0 0.0 0.0 0.0 0.0 
trait 2 0.2 0.0 0.0 0.0 0.0 0.0 0.0 0.0 
trait 3 1.199151331198746 0.0 0.0 0.0 0.20841105937580062 0.0 0.0 0.30695160929369625 
node 1 3 1 1
node 2 1 1 1
node 3 3 1 3
node 4 1 0 2
node 27 1 0 0
gene  1 1 4 -8.59081741821134 0 1.0 -8.59081741821134 1
gene  2 2 4 -5.846305393643153 0 2.0 -5.846305393643153 1
gene  3 3 4 -9.47345445668192 0 3.0 -9.47345445668192 1
gene  3 1 27 6.666045978262537 0 80.0 6.666045978262537 1
gene  1 27 4 21.758329440045195 0 81.0 21.758329440045195 1
gene  2 3 27 -2.971152068664236 0 109.0 -2.971152068664236 1
gene  2 2 27 7.955304806046184 0 113.0 7.955304806046184 1
genomeend 40
