genomestart  181
trait 1 0.13758880872216217 0.0 0.0 0.0 0.0 0.0 0.0 0.23261439317019972 
trait 2 0.2 0.2177678020902366 0.0 0.796866821784067 0.0 0.0 0.0 0.0 
trait 3 0.0 0.0 0.0 0.7511428217536676 0.0 0.14369714681040224 1.8412413201379243 0.0 
node 1 2 1 1
node 2 2 1 1
node 3 1 1 3
node 4 3 0 2
node 17 1 0 0
node 59 1 0 0
node 219 1 0 0
gene  3 1 4 -3.459420826286988 0 1.0 -3.459420826286988 1
gene  3 2 4 0.5004515617104672 0 2.0 0.5004515617104672 0
gene  3 3 4 -15.634680265864649 0 3.0 -15.634680265864649 1
gene  2 1 17 7.809675701319385 0 38.0 7.809675701319385 1
gene  3 17 4 20.916765208219175 0 39.0 20.916765208219175 1
gene  1 2 17 10.624368566447558 0 175.0 10.624368566447558 1
gene  2 2 59 2.545963078644753 0 244.0 2.545963078644753 1
gene  1 59 4 -4.443307183855632 0 245.0 -4.443307183855632 1
gene  1 1 59 -1.847076119776469 0 850.0 -1.847076119776469 1
gene  2 1 219 -1.7950527784071133 0 953.0 -1.7950527784071133 1
gene  2 219 17 -3.70240027304022 0 954.0 -3.70240027304022 1
genomeend 181
