genomestart  13
trait 1 0.1 0.0 0.0 0.0 0.0 0.0 0.0 0.0 
trait 2 0.2 0.08955842784439427 0.8591927833746188 0.0 0.0 0.3013669123885302 0.0 0.42522988202491996 
trait 3 1.151261093921767 0.0 0.0 1.4184737047667049 0.20136119511435402 0.0 0.0 0.0 
node 1 3 1 1
node 2 1 1 1
node 3 3 1 3
node 4 1 0 2
node 27 3 0 0
gene  1 1 4 -12.759229244949603 0 1.0 -12.759229244949603 1
gene  2 2 4 -12.63360674724345 0 2.0 -12.63360674724345 1
gene  3 3 4 -6.280609708632605 0 3.0 -6.280609708632605 1
gene  3 1 27 6.639480775853071 0 80.0 6.639480775853071 1
gene  1 27 4 26.321023537387905 0 81.0 26.321023537387905 1
gene  2 3 27 -3.94752721731934 0 109.0 -3.94752721731934 1
gene  2 2 27 8.34979093453956 0 113.0 8.34979093453956 1
genomeend 13
