genomestart  51
trait 1 0.1 0.0 0.0 0.0 0.0 0.0 0.0 0.0 
trait 2 0.2 0.0 0.0 0.0 0.0 0.0 0.0 0.0 
trait 3 1.199151331198746 0.0 0.0 0.0 0.20841105937580062 0.0 0.0 0.30695160929369625 
node 1 3 1 1
node 2 1 1 1
node 3 1 1 3
node 4 1 0 2
node 27 1 0 0
gene  1 1 4 -6.7327148916877375 0 1.0 -6.7327148916877375 1
gene  2 2 4 -3.5024079096674154 0 2.0 -3.5024079096674154 1
gene  3 3 4 -10.732356699597576 0 3.0 -10.732356699597576 1
gene  3 1 27 6.656475946228028 0 80.0 6.656475946228028 1
gene  2 27 4 20.14235327177186 0 81.0 20.14235327177186 1
gene  2 3 27 -4.080792546496923 0 109.0 -4.080792546496923 1
gene  2 2 27 6.811053732887164 0 113.0 6.811053732887164 1
genomeend 51
