genomestart  54
trait 1 0.25367174063112496 0.06792372724096563 0.0 0.19276547629324284 0.0 0.048750027671035825 0.001001516964367476 0.0 
trait 2 0.2 0.0 0.3346577519059606 0.0 0.0 0.0 0.9028370149050807 0.0 
trait 3 0.013246439942365629 0.0 0.0 0.0 0.0 0.10132158262737821 0.0865647617141137 0.07354908607405791 
node 1 1 1 1
node 2 3 1 1
node 3 1 1 3
node 4 3 0 2
node 12 2 0 0
node 37 1 0 0
node 134 1 0 0
gene  1 1 4 1.306699296965304 0 1.0 1.306699296965304 0
gene  2 2 4 -2.321906241472969 0 2.0 -2.321906241472969 1
gene  3 3 4 4.979262230332363 0 3.0 4.979262230332363 1
gene  1 1 12 2.1006293987420177 0 21.0 2.1006293987420177 1
gene  1 12 4 -4.083040141006284 0 22.0 -4.083040141006284 1
gene  3 2 12 1.2464786937181556 0 36.0 1.2464786937181556 1
gene  1 3 12 -1.1405170021574411 0 86.0 -1.1405170021574411 1
gene  3 1 37 -2.7960957455137208 0 117.0 -2.7960957455137208 1
gene  1 37 4 -10.43632089579164 0 118.0 -10.43632089579164 1
gene  1 37 12 -0.6590769520200407 0 193.0 -0.6590769520200407 1
gene  1 2 37 -2.805812652966606 0 259.0 -2.805812652966606 1
gene  1 1 134 0.7274736470113687 0 602.0 0.7274736470113687 1
gene  1 134 4 -0.71824743154983 0 603.0 -0.71824743154983 1
gene  1 134 12 -0.8158366102780318 0 640.0 -0.8158366102780318 1
genomeend 54
