genomestart  12
trait 1 0.1 0.0 0.0 0.0 0.0 0.0 0.0 0.0 
trait 2 0.2 0.0 0.0 0.0 0.0 0.0 0.0 0.0 
trait 3 1.151261093921767 0.0 0.0 1.4184737047667049 0.20136119511435402 0.0 0.0 0.0 
node 1 3 1 1
node 2 1 1 1
node 3 3 1 3
node 4 1 0 2
node 27 3 0 0
gene  1 1 4 -11.218000159875638 0 1.0 -11.218000159875638 1
gene  2 2 4 -9.742042643764647 0 2.0 -9.742042643764647 1
gene  3 3 4 -8.297867789125387 0 3.0 -8.297867789125387 1
gene  3 1 27 5.773844322542462 0 80.0 5.773844322542462 1
gene  1 27 4 24.18953115204136 0 81.0 24.18953115204136 1
gene  2 3 27 -3.2661324165694205 0 109.0 -3.2661324165694205 1
gene  2 2 27 9.795111603523418 0 113.0 9.795111603523418 1
genomeend 12
