genomestart  19
trait 1 0.13758880872216217 0.0 0.0 0.0 0.0 0.0 0.0 0.23261439317019972 
trait 2 0.28584644030129075 0.2177678020902366 0.5832264568680608 0.796866821784067 0.0 0.0 0.7883933915082119 0.5811723472787429 
trait 3 0.6647931693886189 0.0 0.0 0.11609151232060977 0.0 0.1999730630644102 0.018335650124731706 0.0 
node 1 2 1 1
node 2 2 1 1
node 3 1 1 3
node 4 2 0 2
node 17 1 0 0
node 59 1 0 0
gene  3 1 4 -6.4964320802371684 0 1.0 -6.4964320802371684 1
gene  3 2 4 -4.409705843597926 0 2.0 -4.409705843597926 1
gene  3 3 4 -10.784221658634564 0 3.0 -10.784221658634564 1
gene  2 1 17 5.600923269881321 0 38.0 5.600923269881321 1
gene  3 17 4 20.46149956395075 0 39.0 20.46149956395075 1
gene  3 2 17 21.20528897514432 0 175.0 21.20528897514432 1
gene  2 2 59 -3.6317055287560223 0 244.0 -3.6317055287560223 1
gene  1 59 4 1.9902546996387867 0 245.0 1.9902546996387867 1
gene  1 1 59 -3.3864993462999156 0 850.0 -3.3864993462999156 1
gene  2 59 17 -8.983871294877169 0 1196.0 -8.983871294877169 1
genomeend 19
