genomestart  12
trait 1 0.0 0.0996959996336042 0.0 0.0 0.0 0.17980252092901416 0.0 0.0 
trait 2 0.2 0.0 0.0 0.0 0.0 0.0 0.0 0.0 
trait 3 0.3 0.0 0.0 0.0 0.0 0.0 0.0 0.0 
node 1 2 1 1
node 2 2 1 1
node 3 1 1 3
node 4 1 0 2
node 7 2 0 0
node 14 1 0 0
node 17 1 0 0
node 28 1 0 0
gene  1 1 4 0.9626292662105287 0 1.0 0.9626292662105287 1
gene  2 2 4 -1.969458425054301 0 2.0 -1.969458425054301 1
gene  3 3 4 -3.936471853237946 0 3.0 -3.936471853237946 1
gene  1 1 7 -0.15933041181361896 0 8.0 -0.15933041181361896 0
gene  1 7 4 7.0235058588503705 0 9.0 7.0235058588503705 1
gene  2 1 14 0.7964655769636059 0 27.0 0.7964655769636059 1
gene  1 14 4 -0.2559420563138784 0 28.0 -0.2559420563138784 1
gene  2 2 17 -7.290581921321662 0 37.0 -7.290581921321662 1
gene  2 17 4 0.34668442071526995 0 38.0 0.34668442071526995 1
gene  2 1 17 -4.327009315486328 0 54.0 -4.327009315486328 1
gene  1 1 28 -1.0879395934502902 0 78.0 -1.0879395934502902 1
gene  1 28 7 2.492320921113106 0 79.0 2.492320921113106 1
gene  3 17 7 -9.293184238818132 0 148.0 -9.293184238818132 1
genomeend 12
