genomestart  38
trait 1 0.1 0.0 0.0 0.0 0.0 0.0 0.0 0.0 
trait 2 0.2 0.0 0.0 0.0 0.0 0.0 0.0 0.0 
trait 3 1.199151331198746 0.0 0.0 0.0 0.20841105937580062 0.0 0.0 0.30695160929369625 
node 1 3 1 1
node 2 1 1 1
node 3 3 1 3
node 4 1 0 2
node 27 1 0 0
gene  1 1 4 -5.391572400031914 0 1.0 -5.391572400031914 1
gene  2 2 4 -9.75442678282906 0 2.0 -9.75442678282906 1
gene  3 3 4 -7.725537183985782 0 3.0 -7.725537183985782 1
gene  3 1 27 7.25166963904524 0 80.0 7.25166963904524 1
gene  1 27 4 20.341707600919914 0 81.0 20.341707600919914 1
gene  2 3 27 -1.898569025773598 0 109.0 -1.898569025773598 1
gene  2 2 27 3.656313720853867 0 113.0 3.656313720853867 1
genomeend 38
