genomestart  54
trait 1 0.1 0.0 0.0 0.0 0.0 0.0 0.0 0.0 
trait 2 0.2 0.0 0.0 0.0 0.0 0.0 0.0 0.0 
trait 3 1.199151331198746 0.0 0.0 0.0 0.20841105937580062 0.0 0.0 0.30695160929369625 
node 1 3 1 1
node 2 1 1 1
node 3 1 1 3
node 4 1 0 2
node 27 1 0 0
gene  1 1 4 -4.25202511895374 0 1.0 -4.25202511895374 1
gene  2 2 4 -4.588540627614876 0 2.0 -4.588540627614876 1
gene  3 3 4 -11.845474522093392 0 3.0 -11.845474522093392 1
gene  2 1 27 3.1507886713345115 0 80.0 3.1507886713345115 1
gene  1 27 4 17.24836689379013 0 81.0 17.24836689379013 1
gene  2 3 27 -0.4266161621825022 0 109.0 -0.4266161621825022 1
gene  2 2 27 6.01090394458488 0 113.0 6.01090394458488 1
genomeend 54
