genomestart  53
trait 1 0.1 0.0 0.0 0.0 0.0 0.0 0.0 0.0 
trait 2 0.2 0.0 0.0 0.0 0.0 0.0 0.0 0.0 
trait 3 1.199151331198746 0.0 0.0 0.0 0.20841105937580062 0.0 0.0 0.30695160929369625 
node 1 3 1 1
node 2 1 1 1
node 3 1 1 3
node 4 1 0 2
node 27 1 0 0
gene  1 1 4 -7.193623906457952 0 1.0 -7.193623906457952 1
gene  2 2 4 -4.620132256312603 0 2.0 -4.620132256312603 1
gene  3 3 4 -11.092144846569784 0 3.0 -11.092144846569784 1
gene  3 1 27 9.045645414495976 0 80.0 9.045645414495976 1
gene  1 27 4 21.003444536468503 0 81.0 21.003444536468503 1
gene  2 3 27 -4.36079319471612 0 109.0 -4.36079319471612 1
gene  2 2 27 5.816465737626409 0 113.0 5.816465737626409 1
genomeend 53
