genomestart  36
trait 1 0.1 0.0 0.0 0.0 0.0 0.0 0.0 0.0 
trait 2 0.2 0.0 0.0 0.0 0.0 0.0 0.0 0.0 
trait 3 1.199151331198746 0.0 0.0 0.0 0.20841105937580062 0.0 0.0 0.30695160929369625 
node 1 3 1 1
node 2 1 1 1
node 3 3 1 3
node 4 1 0 2
node 27 1 0 0
gene  1 1 4 -8.941588162182818 0 1.0 -8.941588162182818 1
gene  2 2 4 -8.88424609818444 0 2.0 -8.88424609818444 1
gene  3 3 4 -9.348591106115306 0 3.0 -9.348591106115306 1
gene  3 1 27 8.200279178205992 0 80.0 8.200279178205992 1
gene  1 27 4 25.236356339787637 0 81.0 25.236356339787637 1
gene  2 3 27 -2.6900757654454566 0 109.0 -2.6900757654454566 1
gene  2 2 27 7.0387185271757655 0 113.0 7.0387185271757655 1
genomeend 36
