genomestart  42
trait 1 0.1 0.0 0.0 0.0 0.0 0.0 0.0 0.0 
trait 2 0.2 0.0 0.0 0.0 0.0 0.0 0.0 0.0 
trait 3 1.199151331198746 0.0 0.0 0.0 0.20841105937580062 0.0 0.0 0.30695160929369625 
node 1 3 1 1
node 2 1 1 1
node 3 1 1 3
node 4 1 0 2
node 27 1 0 0
gene  1 1 4 -6.129361525345956 0 1.0 -6.129361525345956 1
gene  2 2 4 -6.863704610147343 0 2.0 -6.863704610147343 1
gene  3 3 4 -13.244849844374205 0 3.0 -13.244849844374205 1
gene  3 1 27 6.736032920776756 0 80.0 6.736032920776756 1
gene  1 27 4 24.524565563479953 0 81.0 24.524565563479953 1
gene  2 3 27 -3.017119139831051 0 109.0 -3.017119139831051 1
gene  2 2 27 7.363391214945724 0 113.0 7.363391214945724 1
genomeend 42
