genomestart  32
trait 1 0.1 0.0 0.0 0.0 0.0 0.0 0.0 0.0 
trait 2 0.2 0.0 0.0 0.0 0.0 0.0 0.0 0.0 
trait 3 1.199151331198746 0.0 0.0 0.0 0.20841105937580062 0.0 0.0 0.30695160929369625 
node 1 3 1 1
node 2 1 1 1
node 3 3 1 3
node 4 1 0 2
node 27 1 0 0
gene  1 1 4 -9.806528571515996 0 1.0 -9.806528571515996 1
gene  2 2 4 -9.598272295497962 0 2.0 -9.598272295497962 1
gene  3 3 4 -8.526412985024631 0 3.0 -8.526412985024631 1
gene  3 1 27 8.429677214521613 0 80.0 8.429677214521613 1
gene  1 27 4 19.930192958575084 0 81.0 19.930192958575084 1
gene  2 3 27 -5.61191895849664 0 109.0 -5.61191895849664 1
gene  2 2 27 7.929272230887336 0 113.0 7.929272230887336 1
genomeend 32
