genomestart  15
trait 1 0.0 0.0996959996336042 0.0 0.0 0.0 0.17980252092901416 0.0 0.0 
trait 2 0.2 0.0 0.0 0.0 0.0 0.0 0.0 0.0 
trait 3 0.3 0.0 0.0 0.0 0.0 0.0 0.0 0.0 
node 1 2 1 1
node 2 2 1 1
node 3 1 1 3
node 4 1 0 2
node 7 2 0 0
node 14 1 0 0
node 17 1 0 0
node 28 1 0 0
gene  1 1 4 -3.778300301550081 0 1.0 -3.778300301550081 1
gene  2 2 4 -4.506473043854021 0 2.0 -4.506473043854021 1
gene  3 3 4 -4.180215912483751 0 3.0 -4.180215912483751 1
gene  1 1 7 -3.8628274739320356 0 8.0 -3.8628274739320356 0
gene  1 7 4 9.037873569228898 0 9.0 9.037873569228898 1
gene  2 1 14 -2.093440024273017 0 27.0 -2.093440024273017 1
gene  1 14 4 1.031551921095527 0 28.0 1.031551921095527 1
gene  2 2 17 -3.852028641067129 0 37.0 -3.852028641067129 1
gene  2 17 4 4.76257567367061 0 38.0 4.76257567367061 1
gene  2 1 17 -2.8662633827633135 0 54.0 -2.8662633827633135 1
gene  1 1 28 1.9971535747027827 0 78.0 1.9971535747027827 1
gene  1 28 7 5.4273911587320205 0 79.0 5.4273911587320205 1
gene  3 17 7 -9.930042946402299 0 148.0 -9.930042946402299 1
genomeend 15
