genomestart  31
trait 1 0.1 0.0 0.0 0.0 0.0 0.0 0.0 0.0 
trait 2 0.2 0.0 0.0 0.0 0.0 0.0 0.0 0.0 
trait 3 1.199151331198746 0.0 0.0 0.0 0.20841105937580062 0.0 0.0 0.30695160929369625 
node 1 3 1 1
node 2 1 1 1
node 3 3 1 3
node 4 1 0 2
node 27 1 0 0
gene  1 1 4 -7.634897075189699 0 1.0 -7.634897075189699 1
gene  2 2 4 -12.000753006659997 0 2.0 -12.000753006659997 1
gene  3 3 4 -7.371229529725117 0 3.0 -7.371229529725117 1
gene  3 1 27 5.516359461030662 0 80.0 5.516359461030662 1
gene  1 27 4 23.444553302649314 0 81.0 23.444553302649314 1
gene  2 3 27 -3.926510092006338 0 109.0 -3.926510092006338 1
gene  2 2 27 9.028718470684844 0 113.0 9.028718470684844 1
genomeend 31
