genomestart  45
trait 1 0.1828018383578469 0.511646722685368 0.887916213060954 0.16740380527481824 0.0 0.8682455558581392 0.0 0.20858169628672263 
trait 2 0.2 0.0 0.0 0.0 0.0 0.0 0.0 0.011377811850802742 
trait 3 0.40500261316494196 0.5332891832981644 0.19951034042631954 0.0 0.0 0.2282007844791084 0.0 0.09301400611535382 
node 1 1 1 1
node 2 1 1 1
node 3 1 1 3
node 4 1 0 2
node 7 3 0 0
node 11 1 0 0
node 31 2 0 0
node 44 3 0 0
node 265 1 0 0
gene  3 1 4 2.147955739060346 0 1.0 2.147955739060346 1
gene  3 2 4 0.6443708529541052 0 2.0 0.6443708529541052 0
gene  3 3 4 15.228431447098222 0 3.0 15.228431447098222 1
gene  2 1 7 7.704016105791153 0 8.0 7.704016105791153 1
gene  1 7 4 3.989474774246094 0 9.0 3.989474774246094 1
gene  2 2 11 -4.715147489776337 0 19.0 -4.715147489776337 1
gene  2 11 4 -1.6177718313781224 0 20.0 -1.6177718313781224 0
gene  1 3 11 -10.693909830753555 0 60.0 -10.693909830753555 1
gene  3 1 31 -0.9941633867328767 0 88.0 -0.9941633867328767 1
gene  1 31 7 -13.344674234258713 0 89.0 -13.344674234258713 1
gene  1 7 44 -5.88850340634787 0 138.0 -5.88850340634787 1
gene  1 44 4 -24.44272153553107 0 139.0 -24.44272153553107 1
gene  3 2 44 -3.6281483998425985 0 144.0 -3.6281483998425985 1
gene  3 2 31 2.384056804724276 0 243.0 2.384056804724276 1
gene  2 31 44 2.203502209879299 0 332.0 2.203502209879299 1
gene  1 1 44 3.74600954719023 0 968.0 3.74600954719023 1
gene  2 11 265 1.0 0 1195.0 0.0 1
gene  2 265 4 -1.6177718313781224 0 1196.0 0.0 1
genomeend 45
