genomestart  8
trait 1 0.1 0.0 0.0 0.0 0.0 0.0 0.0 0.0 
trait 2 0.2 0.0 0.0 0.0 0.0 0.0 0.0 0.0 
trait 3 1.151261093921767 0.0 0.0 1.4184737047667049 0.20136119511435402 0.0 0.0 0.0 
node 1 3 1 1
node 2 1 1 1
node 3 3 1 3
node 4 1 0 2
node 27 3 0 0
gene  1 1 4 -12.461989324272377 0 1.0 -12.461989324272377 1
gene  2 2 4 -14.165894674320192 0 2.0 -14.165894674320192 1
gene  3 3 4 -4.1618767930272105 0 3.0 -4.1618767930272105 1
gene  3 1 27 5.420611607473164 0 80.0 5.420611607473164 1
gene  1 27 4 24.194963852960356 0 81.0 24.194963852960356 1
gene  2 3 27 -2.882347257825822 0 109.0 -2.882347257825822 1
gene  2 2 27 5.718244633719641 0 113.0 5.718244633719641 1
genomeend 8
