genomestart  119
trait 1 0.0 0.4164991608900766 0.0 0.024130898090710368 0.0 0.0 0.0 0.0 
trait 2 0.24344716250459295 0.0 0.0 0.5136909437064322 0.0 0.23038413510262534 0.0 0.0 
trait 3 0.3 0.019853236171330516 0.4501264478379223 0.0 0.0 0.6568022356739168 0.028566163676391813 0.41597304963488424 
node 1 3 1 1
node 2 2 1 1
node 3 1 1 3
node 4 1 0 2
node 7 1 0 0
node 37 1 0 0
node 81 1 0 0
gene  1 1 4 -5.208988230966722 0 1.0 -5.208988230966722 0
gene  2 2 4 -1.3858933883610718 0 2.0 -1.3858933883610718 1
gene  1 3 4 -3.688110023481543 0 3.0 -3.688110023481543 1
gene  2 1 7 8.230624145417035 0 8.0 8.230624145417035 1
gene  1 7 4 10.74486109940738 0 9.0 10.74486109940738 1
gene  2 2 7 8.177822559785806 0 12.0 8.177822559785806 1
gene  1 1 37 -1.1556288862533877 0 117.0 -1.1556288862533877 1
gene  1 37 4 3.2448555864356874 0 118.0 3.2448555864356874 1
gene  2 3 37 -4.846408619498919 0 190.0 -4.846408619498919 1
gene  3 7 37 -6.524418513336093 0 250.0 -6.524418513336093 1
gene  1 1 81 7.429576911822222 0 354.0 7.429576911822222 1
gene  1 81 4 -5.879442144752593 0 355.0 -5.879442144752593 1
gene  2 3 7 -3.3221791032109005 0 377.0 -3.3221791032109005 1
gene  3 2 37 -8.680567072896405 0 407.0 -8.680567072896405 1
genomeend 119
