genomestart  35
trait 1 0.05690637560727929 0.0 0.0 0.36884259933314206 0.5726245230701043 0.4763443152646871 0.49790617849567426 0.007517244365453313 
trait 2 0.2 0.0 0.0 0.0 0.0 0.0 0.0 0.0 
trait 3 0.3459898992173307 0.0 0.0 0.0 0.0 0.09782773495057207 0.08357976993086841 0.07101291069219386 
node 1 1 1 1
node 2 1 1 1
node 3 1 1 3
node 4 1 0 2
node 12 1 0 0
gene  1 1 4 -4.0162511690309355 0 1.0 -4.0162511690309355 1
gene  2 2 4 -1.301354743253973 0 2.0 -1.301354743253973 1
gene  3 3 4 -8.11071886960364 0 3.0 -8.11071886960364 1
gene  1 1 12 2.7699471138839566 0 21.0 2.7699471138839566 1
gene  1 12 4 12.793038691020094 0 22.0 12.793038691020094 1
gene  3 2 12 11.520647660689493 0 36.0 11.520647660689493 1
genomeend 35
