genomestart  97
trait 1 0.0 0.4164991608900766 0.0 0.024130898090710368 0.0 0.0 0.0 0.0 
trait 2 0.24344716250459295 0.0 0.0 0.5136909437064322 0.0 0.23038413510262534 0.0 0.0 
trait 3 0.3 0.019853236171330516 0.4501264478379223 0.0 0.0 0.6568022356739168 0.028566163676391813 0.41597304963488424 
node 1 3 1 1
node 2 2 1 1
node 3 1 1 3
node 4 1 0 2
node 7 1 0 0
node 37 2 0 0
node 81 1 0 0
gene  1 1 4 -0.22621599157288497 0 1.0 -0.22621599157288497 0
gene  2 2 4 -0.8898415328084843 0 2.0 -0.8898415328084843 1
gene  1 3 4 -11.867419725238182 0 3.0 -11.867419725238182 1
gene  2 1 7 2.609468074195215 0 8.0 2.609468074195215 1
gene  1 7 4 15.81351902270342 0 9.0 15.81351902270342 1
gene  2 2 7 2.5669560156250153 0 12.0 2.5669560156250153 1
gene  1 1 37 -1.9353820184661883 0 117.0 -1.9353820184661883 1
gene  1 37 4 1.434911609857974 0 118.0 1.434911609857974 1
gene  2 3 37 -4.934959961104003 0 190.0 -4.934959961104003 1
gene  3 7 37 -4.157048822869818 0 250.0 -4.157048822869818 1
gene  1 1 81 2.905704440656397 0 354.0 2.905704440656397 1
gene  1 81 4 -3.468953678417834 0 355.0 -3.468953678417834 1
gene  2 3 7 -1.6600122755247189 0 377.0 -1.6600122755247189 1
gene  3 2 37 -4.144266722374211 0 407.0 -4.144266722374211 1
gene  2 37 81 -0.8129561830857726 0 531.0 -0.8129561830857726 1
genomeend 97
