genomestart  124
trait 1 0.0 0.4164991608900766 0.0 0.024130898090710368 0.0 0.0 0.0 0.0 
trait 2 0.24344716250459295 0.0 0.0 0.5136909437064322 0.0 0.23038413510262534 0.0 0.0 
trait 3 0.3 0.019853236171330516 0.4501264478379223 0.0 0.0 0.6568022356739168 0.028566163676391813 0.41597304963488424 
node 1 3 1 1
node 2 2 1 1
node 3 1 1 3
node 4 1 0 2
node 7 1 0 0
node 37 1 0 0
node 81 1 0 0
gene  1 1 4 -1.187598603578115 0 1.0 -1.187598603578115 0
gene  2 2 4 -1.8291748250771271 0 2.0 -1.8291748250771271 1
gene  1 3 4 -6.666690148300406 0 3.0 -6.666690148300406 1
gene  2 1 7 11.857938121712507 0 8.0 11.857938121712507 1
gene  1 7 4 10.131826359592461 0 9.0 10.131826359592461 1
gene  2 2 7 4.700102890544541 0 12.0 4.700102890544541 1
gene  1 1 37 1.6962279367374573 0 117.0 1.6962279367374573 1
gene  1 37 4 4.050023022194204 0 118.0 4.050023022194204 1
gene  2 3 37 -4.032422215956167 0 190.0 -4.032422215956167 1
gene  3 7 37 -2.886745241649445 0 250.0 -2.886745241649445 1
gene  1 1 81 4.810102586848749 0 354.0 4.810102586848749 1
gene  1 81 4 -3.0423141854224247 0 355.0 -3.0423141854224247 1
gene  2 3 7 -2.478222988585461 0 377.0 -2.478222988585461 1
gene  3 2 37 -4.154883806912621 0 407.0 -4.154883806912621 1
genomeend 124
