genomestart  56
trait 1 0.08095703125 0.17058250465120967 0.0 0.03137016751792348 0.0 0.0 0.0 0.0 
trait 2 0.24344716250459295 0.0 0.03420370051487321 0.05329185178940672 0.0 0.04194257483884601 0.0 0.0 
trait 3 0.3 0.08272181738054382 0.2515412502623684 0.0 0.0 0.6192375517619333 0.2919406141810683 0.13865768321162808 
node 1 2 1 1
node 2 1 1 1
node 3 1 1 3
node 4 1 0 2
node 7 1 0 0
node 26 1 0 0
node 29 1 0 0
gene  1 1 4 3.165708191483719 0 1.0 3.165708191483719 0
gene  2 2 4 -1.5873461433348 0 2.0 -1.5873461433348 1
gene  3 3 4 -2.3924090871152495 0 3.0 -2.3924090871152495 1
gene  1 1 7 8.129364647292636 0 8.0 8.129364647292636 1
gene  1 7 4 4.406872960039972 0 9.0 4.406872960039972 1
gene  2 2 7 6.987129763472444 0 12.0 6.987129763472444 1
gene  2 3 7 -4.996627941249519 0 64.0 -4.996627941249519 1
gene  1 1 26 -4.909755672683712 0 73.0 -4.909755672683712 1
gene  1 26 4 2.612779232170893 0 74.0 2.612779232170893 1
gene  1 1 29 -2.287008042599261 0 90.0 -2.287008042599261 1
gene  1 29 7 1.5571665645807187 0 91.0 1.5571665645807187 1
gene  3 2 29 10.29271402345113 0 185.0 10.29271402345113 1
gene  3 29 4 -0.8587822247401322 0 315.0 -0.8587822247401322 1
genomeend 56
