genomestart  165
trait 1 0.0853515625 0.13121731127016129 0.0 0.024130898090710368 0.0 0.0 0.0 0.0 
trait 2 0.0 0.0 0.03420370051487321 0.0 0.0 0.04194257483884601 0.0 0.0 
trait 3 0.3 0.019853236171330516 0.4501264478379223 0.0 0.0 0.6568022356739168 0.028566163676391813 0.41597304963488424 
node 1 2 1 1
node 2 2 1 1
node 3 1 1 3
node 4 1 0 2
node 7 1 0 0
node 37 1 0 0
node 89 1 0 0
gene  1 1 4 -3.7208528912160785 0 1.0 -3.7208528912160785 0
gene  2 2 4 -1.0675811566508413 0 2.0 -1.0675811566508413 1
gene  3 3 4 -7.439309634250222 0 3.0 -7.439309634250222 1
gene  1 1 7 7.673698129775988 0 8.0 7.673698129775988 1
gene  1 7 4 7.832069929895321 0 9.0 7.832069929895321 1
gene  2 2 7 4.355640779111703 0 12.0 4.355640779111703 1
gene  2 3 7 0.0020379644206164893 0 64.0 0.0020379644206164893 1
gene  1 1 37 -1.27631652053314 0 117.0 -1.27631652053314 1
gene  1 37 4 0.756092253730708 0 118.0 0.756092253730708 1
gene  3 7 37 -7.214500943034347 0 155.0 -7.214500943034347 1
gene  3 3 37 -13.842429554303882 0 167.0 -13.842429554303882 1
gene  2 2 37 0.2514674510899566 0 222.0 0.2514674510899566 1
gene  1 1 89 -2.9435031466165196 0 386.0 -2.9435031466165196 1
gene  1 89 4 3.1717552426264657 0 387.0 3.1717552426264657 1
gene  3 3 89 1.7098109467623495 0 432.0 1.7098109467623495 1
gene  2 89 37 -7.214978772031225 0 485.0 -7.214978772031225 1
genomeend 165
