genomestart  109
trait 1 0.1 0.0 0.0 0.0 0.0 0.0 0.0 0.0 
trait 2 0.2 0.0 0.0 0.0 0.0 0.0 0.0 0.0 
trait 3 0.6376267350833316 0.0 0.0 0.0 0.0 0.0 0.0 0.06629462485645231 
node 1 1 1 1
node 2 3 1 1
node 3 1 1 3
node 4 1 0 2
node 27 1 0 0
node 43 1 0 0
node 58 1 0 0
node 72 1 0 0
node 103 1 0 0
gene  1 1 4 -0.33887929328793476 0 1.0 -0.33887929328793476 0
gene  2 2 4 0.2267705120928531 0 2.0 0.2267705120928531 1
gene  3 3 4 -1.3765073597240174 0 3.0 -1.3765073597240174 1
gene  2 1 27 -11.673521471910398 0 80.0 -11.673521471910398 1
gene  1 27 4 -7.947348211670201 0 81.0 -7.947348211670201 1
gene  2 3 27 5.22085602849894 0 109.0 5.22085602849894 1
gene  2 2 27 22.04232100550717 0 113.0 22.04232100550717 1
gene  2 2 43 1.1711853760672977 0 157.0 1.1711853760672977 1
gene  3 43 4 3.9808566760255637 0 158.0 3.9808566760255637 1
gene  1 1 43 0.6209487642605351 0 224.0 0.6209487642605351 1
gene  2 1 58 9.161923942842591 0 242.0 9.161923942842591 1
gene  1 58 4 -4.789637837556977 0 243.0 -4.789637837556977 1
gene  1 58 43 0.08842121423540072 0 288.0 0.08842121423540072 1
gene  1 1 72 -0.6266731526917699 0 318.0 -0.6266731526917699 1
gene  1 72 4 0.4252333030429013 0 319.0 0.4252333030429013 1
gene  1 27 72 -5.280348595942323 0 411.0 -5.280348595942323 1
gene  1 58 72 -2.623460005761981 0 439.0 -2.623460005761981 1
gene  1 58 103 1.866009032315551 0 451.0 1.866009032315551 1
gene  1 103 4 9.294273291950747 0 452.0 9.294273291950747 1
gene  2 2 58 -4.427943858447584 0 585.0 -4.427943858447584 1
gene  2 72 43 0.674195855479409 0 677.0 0.674195855479409 1
gene  2 3 103 7.961270103267033 0 997.0 7.961270103267033 1
gene  2 1 103 5.2618890805265774 0 1091.0 5.2618890805265774 1
genomeend 109
