genomestart  20
trait 1 0.13758880872216217 0.0 0.0 0.0 0.0 0.0 0.0 0.23261439317019972 
trait 2 0.28584644030129075 0.2177678020902366 0.5832264568680608 0.796866821784067 0.0 0.0 0.7883933915082119 0.5811723472787429 
trait 3 0.6647931693886189 0.0 0.0 0.11609151232060977 0.0 0.1999730630644102 0.018335650124731706 0.0 
node 1 2 1 1
node 2 1 1 1
node 3 1 1 3
node 4 2 0 2
node 17 1 0 0
node 59 1 0 0
gene  3 1 4 -8.244267506872452 0 1.0 -8.244267506872452 1
gene  3 2 4 -2.653460524511165 0 2.0 -2.653460524511165 1
gene  3 3 4 -10.424879385055974 0 3.0 -10.424879385055974 1
gene  2 1 17 9.58154040363858 0 38.0 9.58154040363858 1
gene  3 17 4 19.794629369586694 0 39.0 19.794629369586694 1
gene  3 2 17 19.612309221966704 0 175.0 19.612309221966704 1
gene  2 2 59 -7.52386060405359 0 244.0 -7.52386060405359 1
gene  1 59 4 -1.2640879812956136 0 245.0 -1.2640879812956136 1
gene  1 1 59 -1.8759105652981791 0 850.0 -1.8759105652981791 1
gene  2 59 17 -10.950717742419526 0 1196.0 -10.950717742419526 1
genomeend 20
