genomestart  110
trait 1 0.1 0.0 0.0 0.0 0.0 0.0 0.0 0.0 
trait 2 0.2 0.0 0.0 0.0 0.0 0.0 0.0 0.0 
trait 3 0.3582962282692004 0.0602994739426103 0.0 0.7117992828441245 0.8613745060080422 0.4995220146378667 0.0 0.06629462485645231 
node 1 1 1 1
node 2 1 1 1
node 3 1 1 3
node 4 1 0 2
node 27 1 0 0
node 43 1 0 0
gene  1 1 4 0.942715095172682 0 1.0 0.942715095172682 1
gene  2 2 4 -2.3995976933631136 0 2.0 -2.3995976933631136 1
gene  3 3 4 -0.6087655407216834 0 3.0 -0.6087655407216834 1
gene  1 1 27 -7.044691537332945 0 80.0 -7.044691537332945 1
gene  3 27 4 3.832681810270416 0 81.0 3.832681810270416 1
gene  2 3 27 -7.014673633905249 0 109.0 -7.014673633905249 1
gene  3 2 27 13.005419222359462 0 113.0 13.005419222359462 1
gene  2 2 43 1.8699450874640657 0 157.0 1.8699450874640657 1
gene  2 43 4 9.080507638980388 0 158.0 9.080507638980388 1
gene  1 3 43 -6.282978713376545 0 215.0 -6.282978713376545 1
gene  1 1 43 1.3432041548300817 0 272.0 1.3432041548300817 1
gene  2 27 43 6.231643181613645 0 290.0 6.231643181613645 1
genomeend 110
