genomestart  117
trait 1 0.24752282297412978 0.06580111076468545 0.0 0.20831024849334967 0.025071082154728298 0.0486669310329602 9.998098331782134E-4 0.0 
trait 2 0.2 0.0 0.0 0.0 0.0 0.0 0.0 0.0 
trait 3 0.34758106760543034 0.0 0.0 0.0 0.0 0.10121239988747802 0.08647148072088728 0.07346983059337467 
node 1 1 1 1
node 2 1 1 1
node 3 1 1 3
node 4 1 0 2
node 12 1 0 0
node 37 1 0 0
node 45 1 0 0
node 63 1 0 0
node 77 1 0 0
gene  1 1 4 5.107728848123312 0 1.0 5.107728848123312 0
gene  2 2 4 -2.9396423752864047 0 2.0 -2.9396423752864047 1
gene  3 3 4 -0.33555846166101594 0 3.0 -0.33555846166101594 1
gene  1 1 12 8.322450717474581 0 21.0 8.322450717474581 1
gene  1 12 4 4.37654791198903 0 22.0 4.37654791198903 1
gene  3 2 12 6.7523676421915795 0 36.0 6.7523676421915795 1
gene  1 3 12 -1.3210006150212232 0 86.0 -1.3210006150212232 1
gene  1 1 37 3.6895464656077204 0 117.0 3.6895464656077204 1
gene  1 37 4 -3.84547961743215 0 118.0 -3.84547961743215 1
gene  1 1 45 -0.7043492875221129 0 170.0 -0.7043492875221129 0
gene  1 45 4 -3.3221931654928234 0 171.0 -3.3221931654928234 1
gene  1 2 45 0.9705348973128294 0 184.0 0.9705348973128294 1
gene  3 37 45 -7.6528550755663165 0 229.0 -7.6528550755663165 1
gene  1 1 63 -2.150302002389906 0 264.0 -2.150302002389906 1
gene  1 63 4 3.115850903035817 0 265.0 3.115850903035817 1
gene  3 12 63 1.9283811979074814 0 294.0 1.9283811979074814 1
gene  1 1 77 1.6440746282821883 0 338.0 1.6440746282821883 1
gene  1 77 45 -0.3491711557658941 0 339.0 -0.3491711557658941 1
genomeend 117
