genomestart  19
trait 1 0.1 0.0 0.0 0.0 0.0 0.0 0.0 0.0 
trait 2 0.2 0.0 0.0 0.0 0.0 0.0 0.0 0.0 
trait 3 1.199151331198746 0.0 0.0 0.0 0.20841105937580062 0.0 0.0 0.30695160929369625 
node 1 3 1 1
node 2 1 1 1
node 3 3 1 3
node 4 1 0 2
node 27 1 0 0
gene  1 1 4 -11.043642212710871 0 1.0 -11.043642212710871 1
gene  2 2 4 -11.387871007925611 0 2.0 -11.387871007925611 1
gene  2 3 4 -10.866709992126157 0 3.0 -10.866709992126157 1
gene  3 1 27 6.023146721960037 0 80.0 6.023146721960037 1
gene  1 27 4 24.816772222677184 0 81.0 24.816772222677184 1
gene  2 3 27 -3.7822999349844775 0 109.0 -3.7822999349844775 1
gene  2 2 27 5.191315594733738 0 113.0 5.191315594733738 1
genomeend 19
