genomestart  13
trait 1 0.1 0.0 0.0 0.0 0.0 0.0 0.0 0.0 
trait 2 0.2 0.0 0.0 0.0 0.0 0.0 0.0 0.0 
trait 3 1.151261093921767 0.0 0.0 1.4184737047667049 0.20136119511435402 0.0 0.0 0.0 
node 1 3 1 1
node 2 1 1 1
node 3 3 1 3
node 4 1 0 2
node 27 3 0 0
gene  1 1 4 -11.869966703796635 0 1.0 -11.869966703796635 1
gene  2 2 4 -12.473574871157089 0 2.0 -12.473574871157089 1
gene  3 3 4 -7.815627631135003 0 3.0 -7.815627631135003 1
gene  3 1 27 8.158742435503212 0 80.0 8.158742435503212 1
gene  1 27 4 27.986485091017755 0 81.0 27.986485091017755 1
gene  2 3 27 -1.8770626481184176 0 109.0 -1.8770626481184176 1
gene  2 2 27 5.5652537240765305 0 113.0 5.5652537240765305 1
genomeend 13
