genomestart  42
trait 1 0.1 0.0 0.0 0.0 0.0 0.0 0.0 0.0 
trait 2 0.2 0.0 0.0 0.0 0.0 0.0 0.0 0.0 
trait 3 1.199151331198746 0.0 0.0 0.0 0.20841105937580062 0.0 0.0 0.30695160929369625 
node 1 3 1 1
node 2 1 1 1
node 3 3 1 3
node 4 1 0 2
node 27 1 0 0
gene  1 1 4 -6.6769327914408265 0 1.0 -6.6769327914408265 1
gene  2 2 4 -6.443451435630017 0 2.0 -6.443451435630017 1
gene  3 3 4 -11.47681176152052 0 3.0 -11.47681176152052 1
gene  3 1 27 7.233686351355054 0 80.0 7.233686351355054 1
gene  1 27 4 19.71422570332212 0 81.0 19.71422570332212 1
gene  2 3 27 -5.873232786539308 0 109.0 -5.873232786539308 1
gene  2 2 27 8.200341466973669 0 113.0 8.200341466973669 1
genomeend 42
