genomestart  10
trait 1 0.1 0.0 0.0 0.0 0.0 0.0 0.0 0.0 
trait 2 0.2 0.0 0.0 0.0 0.0 0.0 0.0 0.0 
trait 3 1.151261093921767 0.0 0.0 1.4184737047667049 0.20136119511435402 0.0 0.0 0.0 
node 1 1 1 1
node 2 1 1 1
node 3 3 1 3
node 4 1 0 2
node 27 3 0 0
gene  1 1 4 -13.306901795220075 0 1.0 -13.306901795220075 1
gene  2 2 4 -13.671130203988554 0 2.0 -13.671130203988554 1
gene  3 3 4 -1.236046453609461 0 3.0 -1.236046453609461 1
gene  3 1 27 5.645993604987402 0 80.0 5.645993604987402 1
gene  1 27 4 26.926344735015693 0 81.0 26.926344735015693 1
gene  2 3 27 -2.2931317346322686 0 109.0 -2.2931317346322686 1
gene  2 2 27 6.923695450757579 0 113.0 6.923695450757579 1
genomeend 10
