genomestart  187
trait 1 0.13758880872216217 0.0 0.0 0.0 0.0 0.0 0.0 0.23261439317019972 
trait 2 0.2 0.2177678020902366 0.0 0.796866821784067 0.0 0.0 0.0 0.0 
trait 3 0.6647931693886189 0.0 0.0 0.11609151232060977 0.0 0.1999730630644102 0.9558688951040919 0.0 
node 1 2 1 1
node 2 2 1 1
node 3 1 1 3
node 4 3 0 2
node 17 1 0 0
node 59 1 0 0
node 219 1 0 0
gene  3 1 4 -5.029206328082565 0 1.0 -5.029206328082565 1
gene  3 2 4 1.089439685636357 0 2.0 1.089439685636357 0
gene  3 3 4 -14.722130411648093 0 3.0 -14.722130411648093 1
gene  2 1 17 4.9857399981388575 0 38.0 4.9857399981388575 1
gene  3 17 4 22.05793321828604 0 39.0 22.05793321828604 1
gene  1 2 17 9.657010929681245 0 175.0 9.657010929681245 1
gene  2 2 59 3.8710809242769466 0 244.0 3.8710809242769466 1
gene  1 59 4 -2.6115483064451945 0 245.0 -2.6115483064451945 1
gene  1 1 59 -0.5388059453286157 0 850.0 -0.5388059453286157 1
gene  2 1 219 -0.8308641297537755 0 953.0 -0.8308641297537755 1
gene  2 219 17 -0.6933771320603993 0 954.0 -0.6933771320603993 1
genomeend 187
