genomestart  63
trait 1 0.25367174063112496 0.06792372724096563 0.0 0.19276547629324284 0.0 0.048750027671035825 0.001001516964367476 0.0 
trait 2 0.2 0.0 0.0 0.0 0.0 0.0 0.0 0.0 
trait 3 0.3476323956179497 0.0 0.0 0.0 0.0 0.10132158262737821 0.0865647617141137 0.07354908607405791 
node 1 1 1 1
node 2 1 1 1
node 3 1 1 3
node 4 1 0 2
node 12 1 0 0
node 37 1 0 0
gene  1 1 4 -0.25969471034924 0 1.0 -0.25969471034924 1
gene  2 2 4 -0.5189203085346688 0 2.0 -0.5189203085346688 1
gene  3 3 4 -4.369229847982217 0 3.0 -4.369229847982217 1
gene  1 1 12 3.5812622989522467 0 21.0 3.5812622989522467 1
gene  1 12 4 5.339247393673587 0 22.0 5.339247393673587 1
gene  3 2 12 8.099447260638659 0 36.0 8.099447260638659 1
gene  1 3 12 -1.4281139212075578 0 86.0 -1.4281139212075578 1
gene  1 1 37 1.0 0 117.0 0.0 1
gene  1 37 4 -0.25969471034924 0 118.0 0.0 1
genomeend 63
