genomestart  11
trait 1 0.1 0.0 0.0 0.0 0.0 0.0 0.0 0.0 
trait 2 0.2 0.0 0.0 0.0 0.0 0.0 0.0 0.0 
trait 3 1.151261093921767 0.0 0.0 1.4184737047667049 0.20136119511435402 0.0 0.0 0.0 
node 1 3 1 1
node 2 1 1 1
node 3 3 1 3
node 4 1 0 2
node 27 3 0 0
gene  1 1 4 -13.671535506538023 0 1.0 -13.671535506538023 1
gene  2 2 4 -11.38177539545779 0 2.0 -11.38177539545779 1
gene  3 3 4 -7.162062963449527 0 3.0 -7.162062963449527 1
gene  3 1 27 6.989138721558749 0 80.0 6.989138721558749 1
gene  1 27 4 25.43574165277535 0 81.0 25.43574165277535 1
gene  2 3 27 -2.8232761564870663 0 109.0 -2.8232761564870663 1
gene  2 2 27 6.313691029009084 0 113.0 6.313691029009084 1
genomeend 11
