genomestart  26
trait 1 0.05690637560727929 0.0 0.0 0.5295203930149014 0.6874495760107049 0.2612176252586514 0.24942653363099265 0.0037586221827266564 
trait 2 0.2 0.0 0.0 0.0 0.0 0.0 0.0 0.0 
trait 3 0.3459898992173307 0.0 0.0 0.0 0.0 0.09782773495057207 0.08357976993086841 0.07101291069219386 
node 1 1 1 1
node 2 1 1 1
node 3 1 1 3
node 4 1 0 2
node 12 1 0 0
gene  1 1 4 -5.567675373430644 0 1.0 -5.567675373430644 1
gene  2 2 4 -5.676165067284571 0 2.0 -5.676165067284571 1
gene  3 3 4 -8.676000386366253 0 3.0 -8.676000386366253 1
gene  1 1 12 0.5170974683075293 0 21.0 0.5170974683075293 1
gene  1 12 4 15.406375963475469 0 22.0 15.406375963475469 1
gene  3 2 12 8.25592655610083 0 36.0 8.25592655610083 1
genomeend 26
