genomestart  34
trait 1 0.1 0.0 0.0 0.0 0.0 0.0 0.0 0.0 
trait 2 0.2 0.0 0.0 0.0 0.0 0.0 0.0 0.0 
trait 3 1.199151331198746 0.0 0.0 0.0 0.20841105937580062 0.0 0.0 0.30695160929369625 
node 1 3 1 1
node 2 1 1 1
node 3 3 1 3
node 4 1 0 2
node 27 1 0 0
gene  1 1 4 -9.411992485337318 0 1.0 -9.411992485337318 1
gene  2 2 4 -8.239304315801423 0 2.0 -8.239304315801423 1
gene  3 3 4 -10.20053012664522 0 3.0 -10.20053012664522 1
gene  3 1 27 6.630279843313581 0 80.0 6.630279843313581 1
gene  1 27 4 24.559222148316085 0 81.0 24.559222148316085 1
gene  2 3 27 -4.905918019729352 0 109.0 -4.905918019729352 1
gene  2 2 27 5.977674270316522 0 113.0 5.977674270316522 1
genomeend 34
