genomestart  43
trait 1 0.1 0.0 0.0 0.0 0.0 0.0 0.0 0.0 
trait 2 0.2 0.0 0.0 0.0 0.0 0.0 0.0 0.0 
trait 3 1.199151331198746 0.0 0.0 0.0 0.20841105937580062 0.0 0.0 0.30695160929369625 
node 1 3 1 1
node 2 1 1 1
node 3 3 1 3
node 4 1 0 2
node 27 1 0 0
gene  1 1 4 -9.287050031634594 0 1.0 -9.287050031634594 1
gene  2 2 4 -4.509215670040318 0 2.0 -4.509215670040318 1
gene  3 3 4 -9.59797059704729 0 3.0 -9.59797059704729 1
gene  3 1 27 10.161350151025736 0 80.0 10.161350151025736 1
gene  1 27 4 22.696375159129577 0 81.0 22.696375159129577 1
gene  2 3 27 -3.3073307319067538 0 109.0 -3.3073307319067538 1
gene  2 2 27 10.411024119489506 0 113.0 10.411024119489506 1
genomeend 43
