genomestart  45
trait 1 0.1 0.0 0.0 0.0 0.0 0.0 0.0 0.0 
trait 2 0.2 0.0 0.0 0.0 0.0 0.0 0.0 0.0 
trait 3 1.199151331198746 0.0 0.0 0.0 0.20841105937580062 0.0 0.0 0.30695160929369625 
node 1 3 1 1
node 2 1 1 1
node 3 3 1 3
node 4 1 0 2
node 27 1 0 0
gene  1 1 4 -8.236511842859995 0 1.0 -8.236511842859995 1
gene  2 2 4 -3.8160108227886593 0 2.0 -3.8160108227886593 1
gene  3 3 4 -12.572872571174122 0 3.0 -12.572872571174122 1
gene  3 1 27 7.351920724759489 0 80.0 7.351920724759489 1
gene  1 27 4 21.500808030317906 0 81.0 21.500808030317906 1
gene  2 3 27 -1.9906114032280824 0 109.0 -1.9906114032280824 1
gene  2 2 27 7.177422333046898 0 113.0 7.177422333046898 1
genomeend 45
