genomestart  14
trait 1 0.4243603190918743 0.0 0.0 0.0 0.0 0.0 0.38218435799936834 0.0 
trait 2 0.2 0.0 0.0 0.0 0.0 0.0 0.0 0.0 
trait 3 1.151261093921767 0.0 0.0 1.4184737047667049 0.20136119511435402 0.0 0.0 0.0 
node 1 3 1 1
node 2 1 1 1
node 3 3 1 3
node 4 1 0 2
node 27 3 0 0
gene  1 1 4 -11.773323003712372 0 1.0 -11.773323003712372 1
gene  2 2 4 -10.873994345413273 0 2.0 -10.873994345413273 1
gene  3 3 4 -5.262448093179182 0 3.0 -5.262448093179182 1
gene  3 1 27 8.62000080912033 0 80.0 8.62000080912033 1
gene  1 27 4 25.31652908826256 0 81.0 25.31652908826256 1
gene  2 3 27 -5.644842224479563 0 109.0 -5.644842224479563 1
gene  2 2 27 7.200538035073819 0 113.0 7.200538035073819 1
genomeend 14
