genomestart  40
trait 1 0.05690637560727929 0.0 0.0 0.6901981866966608 0.8022746289513055 0.04609093525261569 9.468887663110683E-4 0.0 
trait 2 0.2 0.0 0.0 0.0 0.0 0.0 0.0 0.0 
trait 3 0.3459898992173307 0.0 0.0 0.0 0.0 0.09782773495057207 0.08357976993086841 0.07101291069219386 
node 1 1 1 1
node 2 1 1 1
node 3 1 1 3
node 4 1 0 2
node 12 1 0 0
gene  1 1 4 -5.351418422546103 0 1.0 -5.351418422546103 1
gene  2 2 4 -3.1134299181878893 0 2.0 -3.1134299181878893 1
gene  3 3 4 -7.453093924546184 0 3.0 -7.453093924546184 1
gene  1 1 12 1.0206367274432604 0 21.0 1.0206367274432604 1
gene  1 12 4 13.036876430768434 0 22.0 13.036876430768434 1
gene  3 2 12 10.737381406447714 0 36.0 10.737381406447714 1
genomeend 40
