genomestart  55
trait 1 0.1 0.0 0.0 0.0 0.0 0.0 0.0 0.0 
trait 2 0.2 0.0 0.0 0.0 0.0 0.0 0.0 0.0 
trait 3 1.199151331198746 0.0 0.0 0.0 0.20841105937580062 0.0 0.0 0.30695160929369625 
node 1 3 1 1
node 2 1 1 1
node 3 1 1 3
node 4 1 0 2
node 27 1 0 0
gene  1 1 4 -6.095605655262066 0 1.0 -6.095605655262066 1
gene  2 2 4 -5.0367141304675656 0 2.0 -5.0367141304675656 1
gene  3 3 4 -11.620572117604182 0 3.0 -11.620572117604182 1
gene  3 1 27 5.1397647913114515 0 80.0 5.1397647913114515 1
gene  1 27 4 22.026872005865787 0 81.0 22.026872005865787 1
gene  2 3 27 -1.6474936160400686 0 109.0 -1.6474936160400686 1
gene  2 2 27 5.082560950361954 0 113.0 5.082560950361954 1
genomeend 55
