genomestart  53
trait 1 0.1 0.0 0.0 0.0 0.0 0.0 0.0 0.0 
trait 2 0.2 0.0 0.0 0.0 0.0 0.0 0.0 0.0 
trait 3 1.199151331198746 0.0 0.0 0.0 0.20841105937580062 0.0 0.0 0.30695160929369625 
node 1 3 1 1
node 2 1 1 1
node 3 1 1 3
node 4 1 0 2
node 27 1 0 0
gene  1 1 4 -5.728867879064164 0 1.0 -5.728867879064164 1
gene  2 2 4 -2.896983004637347 0 2.0 -2.896983004637347 1
gene  3 3 4 -13.918652376959479 0 3.0 -13.918652376959479 1
gene  3 1 27 2.595281265794568 0 80.0 2.595281265794568 1
gene  1 27 4 20.232321208210745 0 81.0 20.232321208210745 1
gene  2 3 27 -1.2256392099763733 0 109.0 -1.2256392099763733 1
gene  2 2 27 7.528197140389667 0 113.0 7.528197140389667 1
genomeend 53
