genomestart  94
trait 1 0.0 0.4164991608900766 0.0 0.024130898090710368 0.0 0.0 0.0 0.0 
trait 2 0.24344716250459295 0.0 0.0 0.5136909437064322 0.0 0.23038413510262534 0.0 0.0 
trait 3 0.3 0.019853236171330516 0.4501264478379223 0.0 0.0 0.6568022356739168 0.028566163676391813 0.41597304963488424 
node 1 3 1 1
node 2 2 1 1
node 3 1 1 3
node 4 1 0 2
node 7 1 0 0
node 37 2 0 0
node 81 1 0 0
gene  1 1 4 -2.278680164205717 0 1.0 -2.278680164205717 0
gene  2 2 4 -2.1916659761456305 0 2.0 -2.1916659761456305 1
gene  1 3 4 -7.397577083966391 0 3.0 -7.397577083966391 1
gene  2 1 7 2.5797331383040847 0 8.0 2.5797331383040847 1
gene  1 7 4 14.704753710341752 0 9.0 14.704753710341752 1
gene  2 2 7 4.159058520450189 0 12.0 4.159058520450189 1
gene  1 1 37 0.25874479427283387 0 117.0 0.25874479427283387 1
gene  1 37 4 0.9444470395742438 0 118.0 0.9444470395742438 1
gene  2 3 37 -5.250064737806474 0 190.0 -5.250064737806474 1
gene  3 7 37 -4.172587272230791 0 250.0 -4.172587272230791 1
gene  1 1 81 5.009354599747934 0 354.0 5.009354599747934 1
gene  1 81 4 -6.687005113952038 0 355.0 -6.687005113952038 1
gene  2 3 7 -1.6585630133651414 0 377.0 -1.6585630133651414 1
gene  3 2 37 -6.360190287699051 0 407.0 -6.360190287699051 1
gene  2 37 81 8.663382715198779 0 531.0 8.663382715198779 1
genomeend 94
