genomestart  84
trait 1 0.24752282297412978 0.06580111076468545 0.0 0.20831024849334967 0.025071082154728298 0.0486669310329602 9.998098331782134E-4 0.0 
trait 2 0.2 0.0 0.0 0.0 0.0 0.0 0.0 0.0 
trait 3 0.34758106760543034 0.0 0.0 0.0 0.0 0.10121239988747802 0.08647148072088728 0.07346983059337467 
node 1 1 1 1
node 2 1 1 1
node 3 3 1 3
node 4 1 0 2
node 12 1 0 0
node 37 1 0 0
node 45 1 0 0
node 63 2 0 0
node 77 1 0 0
node 163 1 0 0
node 171 1 0 0
gene  1 1 4 2.4323619741844253 0 1.0 2.4323619741844253 0
gene  2 2 4 -4.015026611110285 0 2.0 -4.015026611110285 1
gene  3 3 4 1.2987162056118295 0 3.0 1.2987162056118295 1
gene  1 1 12 6.6964675077231295 0 21.0 6.6964675077231295 1
gene  1 12 4 5.522604504731116 0 22.0 5.522604504731116 1
gene  3 2 12 9.429090593071617 0 36.0 9.429090593071617 1
gene  1 3 12 -3.9088730642139664 0 86.0 -3.9088730642139664 1
gene  1 1 37 -0.35131749621496944 0 117.0 -0.35131749621496944 1
gene  1 37 4 -14.442948126136175 0 118.0 -14.442948126136175 1
gene  1 1 45 3.932928237773061 0 170.0 3.932928237773061 0
gene  1 45 4 -5.550121080745578 0 171.0 -5.550121080745578 1
gene  1 2 45 0.7748014682806337 0 184.0 0.7748014682806337 1
gene  3 37 45 -9.52580885106509 0 229.0 -9.52580885106509 1
gene  1 1 63 -8.519114469819467 0 264.0 -8.519114469819467 1
gene  1 63 4 5.519483325793052 0 265.0 5.519483325793052 1
gene  3 12 63 4.242467737362002 0 294.0 4.242467737362002 1
gene  1 1 77 -2.7144190723456454 0 338.0 -2.7144190723456454 1
gene  1 77 45 -2.2162059234705422 0 339.0 -2.2162059234705422 1
gene  3 12 45 0.011411277858056401 0 706.0 0.011411277858056401 1
gene  1 2 163 3.4601562707140827 0 726.0 3.4601562707140827 1
gene  1 163 45 0.9043476479426416 0 727.0 0.9043476479426416 1
gene  1 45 171 1.0 0 749.0 1.0 1
gene  1 171 4 -0.5703068227631782 0 750.0 -0.5703068227631782 1
genomeend 84
