genomestart  132
trait 1 0.24752282297412978 0.06580111076468545 0.0 0.20831024849334967 0.025071082154728298 0.0486669310329602 9.998098331782134E-4 0.0 
trait 2 0.2 0.0 0.0 0.0 0.0 0.0 0.0 0.0 
trait 3 0.34758106760543034 0.0 0.0 0.0 0.0 0.10121239988747802 0.08647148072088728 0.07346983059337467 
node 1 1 1 1
node 2 1 1 1
node 3 1 1 3
node 4 1 0 2
node 12 1 0 0
node 37 1 0 0
node 45 1 0 0
node 63 1 0 0
node 77 1 0 0
gene  1 1 4 4.642623720100825 0 1.0 4.642623720100825 0
gene  2 2 4 -1.0800851146019839 0 2.0 -1.0800851146019839 1
gene  3 3 4 -1.4779482018119363 0 3.0 -1.4779482018119363 1
gene  1 1 12 5.732088385232502 0 21.0 5.732088385232502 1
gene  1 12 4 3.1997885212928363 0 22.0 3.1997885212928363 1
gene  3 2 12 9.127149855925742 0 36.0 9.127149855925742 1
gene  1 3 12 -2.295723253568883 0 86.0 -2.295723253568883 1
gene  1 1 37 3.2620031639757174 0 117.0 3.2620031639757174 1
gene  1 37 4 -3.8450961727880477 0 118.0 -3.8450961727880477 1
gene  1 1 45 3.5557132774488465 0 170.0 3.5557132774488465 0
gene  1 45 4 -0.2795117474874971 0 171.0 -0.2795117474874971 1
gene  1 2 45 -0.03215197651746671 0 184.0 -0.03215197651746671 1
gene  3 37 45 -5.852764455489413 0 229.0 -5.852764455489413 1
gene  1 1 63 0.9094187862669905 0 264.0 0.9094187862669905 1
gene  1 63 4 3.202314897491474 0 265.0 3.202314897491474 1
gene  3 12 63 1.214049635949856 0 294.0 1.214049635949856 1
gene  1 1 77 1.7642461892312582 0 338.0 1.7642461892312582 1
gene  1 77 45 0.8899138850538122 0 339.0 0.8899138850538122 1
genomeend 132
