genomestart  44
trait 1 0.1 0.0 0.0 0.0 0.0 0.0 0.0 0.0 
trait 2 0.2 0.0 0.0 0.0 0.0 0.0 0.0 0.0 
trait 3 1.199151331198746 0.0 0.0 0.0 0.20841105937580062 0.0 0.0 0.30695160929369625 
node 1 3 1 1
node 2 2 1 1
node 3 3 1 3
node 4 1 0 2
node 27 1 0 0
gene  1 1 4 -7.538992955018645 0 1.0 -7.538992955018645 1
gene  2 2 4 -7.194929702651958 0 2.0 -7.194929702651958 1
gene  3 3 4 -9.838634823470635 0 3.0 -9.838634823470635 1
gene  3 1 27 9.7183540825943 0 80.0 9.7183540825943 1
gene  1 27 4 21.782749571397083 0 81.0 21.782749571397083 1
gene  2 3 27 -5.6282915871826145 0 109.0 -5.6282915871826145 1
gene  2 2 27 8.318908575203197 0 113.0 8.318908575203197 1
genomeend 44
