genomestart  41
trait 1 0.05690637560727929 0.0 0.0 0.04748701196962335 0.342974417188903 0.9065976952767586 0.9948654682250374 0.015034488730906626 
trait 2 0.2 0.0 0.0 0.0 0.0 0.0 0.0 0.0 
trait 3 0.3459898992173307 0.0 0.0 0.0 0.0 0.09782773495057207 0.08357976993086841 0.07101291069219386 
node 1 1 1 1
node 2 1 1 1
node 3 1 1 3
node 4 1 0 2
node 12 1 0 0
gene  1 1 4 -4.35117415825896 0 1.0 -4.35117415825896 1
gene  2 2 4 -3.690774770451348 0 2.0 -3.690774770451348 1
gene  3 3 4 -9.058801518606053 0 3.0 -9.058801518606053 1
gene  1 1 12 0.940284591105748 0 21.0 0.940284591105748 1
gene  1 12 4 13.851524150880946 0 22.0 13.851524150880946 1
gene  3 2 12 10.465656876226785 0 36.0 10.465656876226785 1
genomeend 41
