genomestart  39
trait 1 0.1 0.0 0.0 0.0 0.0 0.0 0.0 0.0 
trait 2 0.2 0.0 0.0 0.0 0.0 0.0 0.0 0.0 
trait 3 1.199151331198746 0.0 0.0 0.0 0.20841105937580062 0.0 0.0 0.30695160929369625 
node 1 3 1 1
node 2 1 1 1
node 3 1 1 3
node 4 1 0 2
node 27 1 0 0
gene  1 1 4 -6.16762033813936 0 1.0 -6.16762033813936 1
gene  2 2 4 -5.0367141304675656 0 2.0 -5.0367141304675656 1
gene  3 3 4 -13.244731864708873 0 3.0 -13.244731864708873 1
gene  3 1 27 6.687296693499752 0 80.0 6.687296693499752 1
gene  1 27 4 22.026872005865787 0 81.0 22.026872005865787 1
gene  2 3 27 -4.380868781955438 0 109.0 -4.380868781955438 1
gene  2 2 27 7.568095222272868 0 113.0 7.568095222272868 1
genomeend 39
