genomestart  12
trait 1 0.1 0.0 0.0 0.0 0.0 0.0 0.0 0.0 
trait 2 0.2 0.0 0.0 0.0 0.0 0.0 0.0 0.0 
trait 3 1.151261093921767 0.0 0.3757904518075883 0.5931851759569372 0.20136119511435402 0.0 0.0 0.09193199983138745 
node 1 3 1 1
node 2 1 1 1
node 3 3 1 3
node 4 1 0 2
node 27 1 0 0
gene  1 1 4 -10.245773982529332 0 1.0 -10.245773982529332 1
gene  2 2 4 -13.70740314835721 0 2.0 -13.70740314835721 1
gene  3 3 4 -6.771354310064494 0 3.0 -6.771354310064494 1
gene  3 1 27 7.8989652555941055 0 80.0 7.8989652555941055 1
gene  1 27 4 27.181199970582178 0 81.0 27.181199970582178 1
gene  2 3 27 -1.1943922469888943 0 109.0 -1.1943922469888943 1
gene  2 2 27 7.402355399553797 0 113.0 7.402355399553797 1
genomeend 12
