genomestart  12
trait 1 0.0 0.0996959996336042 0.0 0.0 0.0 0.17980252092901416 0.0 0.0 
trait 2 0.2 0.0 0.0 0.0 0.0 0.0 0.0 0.0 
trait 3 0.3 0.0 0.0 0.0 0.0 0.0 0.0 0.0 
node 1 2 1 1
node 2 2 1 1
node 3 1 1 3
node 4 1 0 2
node 7 2 0 0
node 14 1 0 0
node 17 1 0 0
node 28 1 0 0
gene  1 1 4 -2.4355322957439345 0 1.0 -2.4355322957439345 1
gene  2 2 4 -2.2633958477360365 0 2.0 -2.2633958477360365 1
gene  3 3 4 -3.402060838516321 0 3.0 -3.402060838516321 1
gene  1 1 7 -1.6742342159632728 0 8.0 -1.6742342159632728 0
gene  1 7 4 7.027788105912799 0 9.0 7.027788105912799 1
gene  2 1 14 -0.6826362038718803 0 27.0 -0.6826362038718803 1
gene  1 14 4 -0.6989744730021858 0 28.0 -0.6989744730021858 1
gene  2 2 17 -6.1568325415378515 0 37.0 -6.1568325415378515 1
gene  2 17 4 4.694893773069246 0 38.0 4.694893773069246 1
gene  2 1 17 -2.9200510913392907 0 54.0 -2.9200510913392907 1
gene  1 1 28 4.003350363829965 0 78.0 4.003350363829965 1
gene  1 28 7 5.4273911587320205 0 79.0 5.4273911587320205 1
gene  3 17 7 -11.094789586806067 0 148.0 -11.094789586806067 1
genomeend 12
