genomestart  11
trait 1 0.1 0.0 0.0 0.0 0.0 0.0 0.0 0.0 
trait 2 0.2 0.0 0.0 0.0 0.0 0.0 0.0 0.0 
trait 3 1.151261093921767 0.0 0.0 1.4184737047667049 0.20136119511435402 0.0 0.0 0.0 
node 1 3 1 1
node 2 1 1 1
node 3 3 1 3
node 4 1 0 2
node 27 3 0 0
gene  1 1 4 -14.439407000106598 0 1.0 -14.439407000106598 1
gene  2 2 4 -12.796278456207009 0 2.0 -12.796278456207009 1
gene  3 3 4 -8.503491889156995 0 3.0 -8.503491889156995 1
gene  3 1 27 8.441921902365207 0 80.0 8.441921902365207 1
gene  1 27 4 26.508688093322103 0 81.0 26.508688093322103 1
gene  2 3 27 -4.659112218254366 0 109.0 -4.659112218254366 1
gene  2 2 27 10.750203011414083 0 113.0 10.750203011414083 1
genomeend 11
