genomestart  41
trait 1 0.1 0.0 0.0 0.0 0.0 0.0 0.0 0.0 
trait 2 0.2 0.0 0.0 0.0 0.0 0.0 0.0 0.0 
trait 3 1.199151331198746 0.0 0.0 0.0 0.20841105937580062 0.0 0.0 0.30695160929369625 
node 1 3 1 1
node 2 1 1 1
node 3 1 1 3
node 4 1 0 2
node 27 1 0 0
gene  1 1 4 -3.669640849111444 0 1.0 -3.669640849111444 1
gene  2 2 4 -5.141271635247994 0 2.0 -5.141271635247994 1
gene  3 3 4 -12.745186429578688 0 3.0 -12.745186429578688 1
gene  3 1 27 8.177294583084311 0 80.0 8.177294583084311 1
gene  1 27 4 21.22541698749002 0 81.0 21.22541698749002 1
gene  2 3 27 -3.4047098037274237 0 109.0 -3.4047098037274237 1
gene  2 2 27 5.963601101428996 0 113.0 5.963601101428996 1
genomeend 41
