genomestart  111
trait 1 0.1 0.0 0.0 0.0 0.0 0.0 0.0 0.0 
trait 2 0.2 0.0 0.0 0.0 0.0 0.0 0.0 0.0 
trait 3 0.6376267350833316 0.0 0.0 0.0 0.0 0.0 0.0 0.06629462485645231 
node 1 1 1 1
node 2 3 1 1
node 3 1 1 3
node 4 1 0 2
node 27 1 0 0
node 43 1 0 0
node 58 1 0 0
node 72 1 0 0
node 103 2 0 0
gene  1 1 4 -1.7904886626270267 0 1.0 -1.7904886626270267 0
gene  2 2 4 -0.425334611007713 0 2.0 -0.425334611007713 1
gene  3 3 4 -2.338958680513583 0 3.0 -2.338958680513583 1
gene  2 1 27 -10.5429489341622 0 80.0 -10.5429489341622 1
gene  1 27 4 -5.659845530582469 0 81.0 -5.659845530582469 1
gene  2 3 27 3.0900309349055535 0 109.0 3.0900309349055535 1
gene  2 2 27 21.943907447248193 0 113.0 21.943907447248193 1
gene  2 2 43 0.8578667126697279 0 157.0 0.8578667126697279 1
gene  3 43 4 2.365633498896242 0 158.0 2.365633498896242 1
gene  1 1 43 1.573096456138512 0 224.0 1.573096456138512 1
gene  2 1 58 7.433557761590545 0 242.0 7.433557761590545 1
gene  1 58 4 -3.2242164736386014 0 243.0 -3.2242164736386014 1
gene  1 58 43 -0.8634309561097053 0 288.0 -0.8634309561097053 1
gene  1 1 72 -1.4735513565171083 0 318.0 -1.4735513565171083 1
gene  1 72 4 1.3756364898696356 0 319.0 1.3756364898696356 1
gene  1 27 72 -3.521588054110367 0 411.0 -3.521588054110367 1
gene  1 58 72 -1.7897457125359628 0 439.0 -1.7897457125359628 1
gene  1 58 103 -0.11686514369482043 0 451.0 -0.11686514369482043 1
gene  1 103 4 7.110863781023815 0 452.0 7.110863781023815 1
gene  2 2 58 -4.427943858447584 0 585.0 -4.427943858447584 1
gene  2 72 43 0.674195855479409 0 677.0 0.674195855479409 1
gene  2 3 103 8.283731331861873 0 997.0 8.283731331861873 1
genomeend 111
