genomestart  131
trait 1 0.24752282297412978 0.06580111076468545 0.0 0.20831024849334967 0.025071082154728298 0.0486669310329602 9.998098331782134E-4 0.0 
trait 2 0.2 0.0 0.0 0.0 0.0 0.0 0.0 0.0 
trait 3 0.34758106760543034 0.0 0.0 0.0 0.0 0.10121239988747802 0.08647148072088728 0.07346983059337467 
node 1 1 1 1
node 2 1 1 1
node 3 1 1 3
node 4 1 0 2
node 12 1 0 0
node 37 1 0 0
node 45 1 0 0
node 63 1 0 0
node 77 1 0 0
gene  1 1 4 3.3027665631430763 0 1.0 3.3027665631430763 0
gene  2 2 4 -2.4340555480296255 0 2.0 -2.4340555480296255 1
gene  3 3 4 -0.032521367674971824 0 3.0 -0.032521367674971824 1
gene  1 1 12 7.9914130613029215 0 21.0 7.9914130613029215 1
gene  1 12 4 5.581865845942703 0 22.0 5.581865845942703 1
gene  3 2 12 8.897482130685637 0 36.0 8.897482130685637 1
gene  1 3 12 -2.4812489253411556 0 86.0 -2.4812489253411556 1
gene  1 1 37 1.369662059346059 0 117.0 1.369662059346059 1
gene  1 37 4 -5.742263243997387 0 118.0 -5.742263243997387 1
gene  1 1 45 1.1251128277639202 0 170.0 1.1251128277639202 0
gene  1 45 4 -2.083300101255917 0 171.0 -2.083300101255917 1
gene  1 2 45 2.335905586648971 0 184.0 2.335905586648971 1
gene  3 37 45 -6.053169586211469 0 229.0 -6.053169586211469 1
gene  1 1 63 -1.1872099830300378 0 264.0 -1.1872099830300378 1
gene  1 63 4 3.563436133836075 0 265.0 3.563436133836075 1
gene  3 12 63 1.214049635949856 0 294.0 1.214049635949856 1
gene  1 1 77 -0.6074628571133625 0 338.0 -0.6074628571133625 1
gene  1 77 45 0.8899138850538122 0 339.0 0.8899138850538122 1
gene  1 63 45 -6.265227329887368 0 511.0 -6.265227329887368 1
genomeend 131
