genomestart  33
trait 1 0.1 0.0 0.0 0.0 0.0 0.0 0.0 0.0 
trait 2 0.2 0.0 0.0 0.0 0.0 0.0 0.0 0.0 
trait 3 1.199151331198746 0.0 0.0 0.0 0.20841105937580062 0.0 0.0 0.30695160929369625 
node 1 3 1 1
node 2 1 1 1
node 3 3 1 3
node 4 1 0 2
node 27 1 0 0
gene  1 1 4 -6.698584162336028 0 1.0 -6.698584162336028 1
gene  2 2 4 -10.109787559191659 0 2.0 -10.109787559191659 1
gene  3 3 4 -11.611284614932716 0 3.0 -11.611284614932716 1
gene  3 1 27 6.9322608410316064 0 80.0 6.9322608410316064 1
gene  1 27 4 23.023006130640912 0 81.0 23.023006130640912 1
gene  2 3 27 -3.8480451885030944 0 109.0 -3.8480451885030944 1
gene  2 2 27 8.23656411920442 0 113.0 8.23656411920442 1
genomeend 33
