genomestart  35
trait 1 0.1 0.0 0.0 0.0 0.0 0.0 0.0 0.0 
trait 2 0.2 0.0 0.0 0.0 0.0 0.0 0.0 0.0 
trait 3 1.199151331198746 0.0 0.0 0.0 0.20841105937580062 0.0 0.0 0.30695160929369625 
node 1 3 1 1
node 2 1 1 1
node 3 3 1 3
node 4 1 0 2
node 27 1 0 0
gene  1 1 4 -6.588971184990365 0 1.0 -6.588971184990365 1
gene  2 2 4 -6.543081465294749 0 2.0 -6.543081465294749 1
gene  3 3 4 -14.097091374886789 0 3.0 -14.097091374886789 1
gene  3 1 27 7.408299443459519 0 80.0 7.408299443459519 1
gene  1 27 4 21.61568404830306 0 81.0 21.61568404830306 1
gene  2 3 27 -1.420077697368332 0 109.0 -1.420077697368332 1
gene  2 2 27 8.407641230555987 0 113.0 8.407641230555987 1
genomeend 35
