genomestart  34
trait 1 0.1 0.0 0.0 0.0 0.0 0.0 0.0 0.0 
trait 2 0.2 0.0 0.0 0.0 0.0 0.0 0.0 0.0 
trait 3 1.199151331198746 0.0 0.0 0.0 0.20841105937580062 0.0 0.0 0.30695160929369625 
node 1 3 1 1
node 2 1 1 1
node 3 3 1 3
node 4 1 0 2
node 27 1 0 0
gene  1 1 4 -6.5575471969104155 0 1.0 -6.5575471969104155 1
gene  2 2 4 -5.450004866310243 0 2.0 -5.450004866310243 1
gene  3 3 4 -11.80097324977024 0 3.0 -11.80097324977024 1
gene  3 1 27 4.9412504477037835 0 80.0 4.9412504477037835 1
gene  1 27 4 23.455140550977674 0 81.0 23.455140550977674 1
gene  2 3 27 -4.557019640788929 0 109.0 -4.557019640788929 1
gene  2 2 27 7.792267437771429 0 113.0 7.792267437771429 1
genomeend 34
