genomestart  55
trait 1 0.24185083750565384 0.06269882514550673 0.0 0.17793736273222416 0.0 0.04609093525261569 9.468887663110683E-4 0.0 
trait 2 0.2 0.0 0.0 0.0 0.0 0.0 0.0 0.0 
trait 3 0.3459898992173307 0.0 0.0 0.0 0.0 0.09782773495057207 0.08357976993086841 0.07101291069219386 
node 1 1 1 1
node 2 1 1 1
node 3 1 1 3
node 4 1 0 2
node 12 1 0 0
gene  1 1 4 -0.25969471034924 0 1.0 -0.25969471034924 1
gene  2 2 4 -0.5189203085346688 0 2.0 -0.5189203085346688 1
gene  3 3 4 -4.369229847982217 0 3.0 -4.369229847982217 1
gene  1 1 12 3.5812622989522467 0 21.0 3.5812622989522467 1
gene  1 12 4 5.098344076665294 0 22.0 5.098344076665294 1
gene  3 2 12 8.280443031612638 0 36.0 8.280443031612638 1
gene  1 3 12 -1.4281139212075578 0 86.0 -1.4281139212075578 1
genomeend 55
