genomestart  36
trait 1 0.05690637560727929 0.0 0.0 0.6901981866966608 0.8022746289513055 0.04609093525261569 9.468887663110683E-4 0.0 
trait 2 0.2 0.0 0.0 0.0 0.0 0.0 0.0 0.0 
trait 3 0.3459898992173307 0.0 0.0 0.0 0.0 0.09782773495057207 0.08357976993086841 0.07101291069219386 
node 1 1 1 1
node 2 1 1 1
node 3 1 1 3
node 4 1 0 2
node 12 1 0 0
gene  1 1 4 -6.00059413345705 0 1.0 -6.00059413345705 1
gene  2 2 4 -5.190188670318422 0 2.0 -5.190188670318422 1
gene  3 3 4 -7.569892657066135 0 3.0 -7.569892657066135 1
gene  1 1 12 0.8573978668763405 0 21.0 0.8573978668763405 1
gene  1 12 4 13.769594922306382 0 22.0 13.769594922306382 1
gene  3 2 12 12.150992970941319 0 36.0 12.150992970941319 1
genomeend 36
