genomestart  14
trait 1 0.1 0.0 0.0 0.0 0.0 0.0 0.0 0.0 
trait 2 0.2 0.0 0.0 0.0 0.0 0.0 0.0 0.0 
trait 3 1.151261093921767 0.0 0.0 1.4184737047667049 0.20136119511435402 0.0 0.0 0.0 
node 1 3 1 1
node 2 1 1 1
node 3 3 1 3
node 4 1 0 2
node 27 3 0 0
gene  1 1 4 -14.642501718072104 0 1.0 -14.642501718072104 1
gene  2 2 4 -14.07925100133018 0 2.0 -14.07925100133018 1
gene  3 3 4 -7.167511992756694 0 3.0 -7.167511992756694 1
gene  3 1 27 5.933075891510026 0 80.0 5.933075891510026 1
gene  1 27 4 26.608104491734785 0 81.0 26.608104491734785 1
gene  2 3 27 -2.414330812163713 0 109.0 -2.414330812163713 1
gene  2 2 27 4.588242947545481 0 113.0 4.588242947545481 1
genomeend 14
