genomestart  12
trait 1 0.1 0.0 0.0 0.0 0.0 0.0 0.0 0.0 
trait 2 0.2 0.0 0.0 0.0 0.0 0.0 0.0 0.0 
trait 3 1.151261093921767 0.0 0.0 1.4184737047667049 0.20136119511435402 0.0 0.0 0.0 
node 1 3 1 1
node 2 3 1 1
node 3 3 1 3
node 4 1 0 2
node 27 3 0 0
gene  1 1 4 -10.770890014035668 0 1.0 -10.770890014035668 1
gene  2 2 4 -9.689069444955704 0 2.0 -9.689069444955704 1
gene  3 3 4 -9.24223352949642 0 3.0 -9.24223352949642 1
gene  3 1 27 7.286247238739311 0 80.0 7.286247238739311 1
gene  1 27 4 25.85389308417652 0 81.0 25.85389308417652 1
gene  2 3 27 -4.439395373415303 0 109.0 -4.439395373415303 1
gene  2 2 27 8.48162638834027 0 113.0 8.48162638834027 1
genomeend 12
