genomestart  37
trait 1 0.1 0.0 0.0 0.0 0.0 0.0 0.0 0.0 
trait 2 0.2 0.0 0.0 0.0 0.0 0.0 0.0 0.0 
trait 3 1.199151331198746 0.0 0.0 0.0 0.20841105937580062 0.0 0.0 0.30695160929369625 
node 1 3 1 1
node 2 1 1 1
node 3 3 1 3
node 4 1 0 2
node 27 1 0 0
gene  1 1 4 -12.628035356215344 0 1.0 -12.628035356215344 1
gene  2 2 4 -12.574422992594506 0 2.0 -12.574422992594506 1
gene  3 3 4 -10.524085631000922 0 3.0 -10.524085631000922 1
gene  3 1 27 5.2476821218367995 0 80.0 5.2476821218367995 1
gene  1 27 4 24.511213751300062 0 81.0 24.511213751300062 1
gene  2 3 27 -4.165841057046697 0 109.0 -4.165841057046697 1
gene  2 2 27 5.607568617309392 0 113.0 5.607568617309392 1
genomeend 37
