genomestart  11
trait 1 0.1 0.0 0.0 0.0 0.0 0.0 0.0 0.0 
trait 2 0.2 0.33084730249608263 0.0 0.0 0.10493366220750433 0.25375597746031164 0.0 0.22088701445584202 
trait 3 1.151261093921767 0.0 0.0 1.4184737047667049 0.20136119511435402 0.0 0.0 0.0 
node 1 3 1 1
node 2 1 1 1
node 3 3 1 3
node 4 1 0 2
node 27 3 0 0
gene  1 1 4 -13.23718383947536 0 1.0 -13.23718383947536 1
gene  2 2 4 -11.707417515416848 0 2.0 -11.707417515416848 1
gene  3 3 4 -5.946999491560464 0 3.0 -5.946999491560464 1
gene  3 1 27 6.6600744020663045 0 80.0 6.6600744020663045 1
gene  1 27 4 24.22205558912178 0 81.0 24.22205558912178 1
gene  2 3 27 -4.025791407012101 0 109.0 -4.025791407012101 1
gene  2 2 27 5.700414757473885 0 113.0 5.700414757473885 1
genomeend 11
