genomestart  7
trait 1 0.0 0.0996959996336042 0.0 0.0 0.0 0.17980252092901416 0.0 0.0 
trait 2 0.2 0.0 0.0 0.0 0.0 0.0 0.0 0.0 
trait 3 0.3 0.0 0.0 0.8153466414577913 0.0 0.0 0.0 0.16360210646758178 
node 1 2 1 1
node 2 2 1 1
node 3 1 1 3
node 4 1 0 2
node 7 2 0 0
node 14 1 0 0
node 17 1 0 0
node 28 1 0 0
gene  1 1 4 -4.026361317015711 0 1.0 -4.026361317015711 1
gene  2 2 4 -3.7839160739040985 0 2.0 -3.7839160739040985 1
gene  3 3 4 -4.064354784469905 0 3.0 -4.064354784469905 1
gene  1 1 7 1.2362792686666544 0 8.0 1.2362792686666544 0
gene  1 7 4 8.543318291431042 0 9.0 8.543318291431042 1
gene  2 1 14 -0.0998982873540426 0 27.0 -0.0998982873540426 1
gene  1 14 4 0.8930432592952151 0 28.0 0.8930432592952151 1
gene  2 2 17 -0.26063044535950586 0 37.0 -0.26063044535950586 1
gene  2 17 4 2.745516027699365 0 38.0 2.745516027699365 1
gene  2 1 17 -1.1758313318495874 0 54.0 -1.1758313318495874 1
gene  3 1 28 -0.9747151806787483 0 78.0 -0.9747151806787483 1
gene  1 28 7 4.415919179332823 0 79.0 4.415919179332823 1
gene  3 17 7 -7.473807766820062 0 148.0 -7.473807766820062 1
gene  1 3 7 1.3113871329963844 0 1174.0 1.3113871329963844 1
gene  1 2 14 -3.3366807964023373 0 1249.0 -3.3366807964023373 1
genomeend 7
