genomestart  33
trait 1 0.1 0.0 0.0 0.0 0.0 0.0 0.0 0.0 
trait 2 0.2 0.0 0.0 0.0 0.0 0.0 0.0 0.0 
trait 3 1.199151331198746 0.0 0.0 0.0 0.20841105937580062 0.0 0.0 0.30695160929369625 
node 1 3 1 1
node 2 1 1 1
node 3 3 1 3
node 4 1 0 2
node 27 1 0 0
gene  1 1 4 -7.330411356932834 0 1.0 -7.330411356932834 1
gene  2 2 4 -8.930024167874532 0 2.0 -8.930024167874532 1
gene  3 3 4 -10.628324146737064 0 3.0 -10.628324146737064 1
gene  3 1 27 8.49366925348866 0 80.0 8.49366925348866 1
gene  1 27 4 23.787319101253548 0 81.0 23.787319101253548 1
gene  2 3 27 -2.7508837556818095 0 109.0 -2.7508837556818095 1
gene  2 2 27 7.341508483799017 0 113.0 7.341508483799017 1
genomeend 33
