genomestart  13
trait 1 0.1 0.0 0.0 0.0 0.0 0.0 0.0 0.0 
trait 2 0.2 0.0 0.0 0.0 0.0 0.0 0.0 0.0 
trait 3 1.151261093921767 0.0 0.0 1.4184737047667049 0.20136119511435402 0.0 0.0 0.0 
node 1 3 1 1
node 2 1 1 1
node 3 3 1 3
node 4 1 0 2
node 27 3 0 0
gene  1 1 4 -14.915481425614058 0 1.0 -14.915481425614058 1
gene  2 2 4 -10.32331759956783 0 2.0 -10.32331759956783 1
gene  3 3 4 -6.211245619269905 0 3.0 -6.211245619269905 1
gene  3 1 27 7.61000553506339 0 80.0 7.61000553506339 1
gene  1 27 4 27.575254496781493 0 81.0 27.575254496781493 1
gene  2 3 27 -3.6604569537596237 0 109.0 -3.6604569537596237 1
gene  2 2 27 5.657699075369566 0 113.0 5.657699075369566 1
genomeend 13
