genomestart  14
trait 1 0.1 0.0 0.0 0.0 0.0 0.0 0.0 0.0 
trait 2 0.832470927129634 0.0 0.0 0.9925236257585177 0.0 0.0 0.06264579262985193 0.0 
trait 3 1.199151331198746 0.0 0.0 0.0 0.20841105937580062 0.0 0.0 0.30695160929369625 
node 1 3 1 1
node 2 1 1 1
node 3 3 1 3
node 4 1 0 2
node 27 1 0 0
gene  1 1 4 -12.043902992707418 0 1.0 -12.043902992707418 1
gene  2 2 4 -8.320616798179257 0 2.0 -8.320616798179257 1
gene  3 3 4 -7.051655258546866 0 3.0 -7.051655258546866 1
gene  3 1 27 3.8332449008043694 0 80.0 3.8332449008043694 1
gene  1 27 4 21.92558492879467 0 81.0 21.92558492879467 1
gene  2 3 27 -0.9098110400833375 0 109.0 -0.9098110400833375 1
gene  2 2 27 8.379589218390436 0 113.0 8.379589218390436 1
genomeend 14
