genomestart  17
trait 1 0.1 0.0 0.0 0.0 0.0 0.0 0.0 0.0 
trait 2 0.2 0.0 0.0 0.0 0.0 0.0 0.0 0.0 
trait 3 1.199151331198746 0.0 0.0 0.0 0.20841105937580062 0.0 0.0 0.30695160929369625 
node 1 3 1 1
node 2 1 1 1
node 3 3 1 3
node 4 1 0 2
node 27 1 0 0
gene  1 1 4 -8.804105548579388 0 1.0 -8.804105548579388 1
gene  2 2 4 -9.107498207250186 0 2.0 -9.107498207250186 1
gene  3 3 4 -9.84688733580752 0 3.0 -9.84688733580752 1
gene  3 1 27 4.779052764261304 0 80.0 4.779052764261304 1
gene  1 27 4 23.51546706751708 0 81.0 23.51546706751708 1
gene  2 3 27 -2.655582860548612 0 109.0 -2.655582860548612 1
gene  2 2 27 6.757279778144821 0 113.0 6.757279778144821 1
genomeend 17
