genomestart  10
trait 1 0.1 0.0 0.0 0.0 0.0 0.0 0.0 0.0 
trait 2 0.2 0.0 0.0 0.0 0.0 0.0 0.0 0.0 
trait 3 1.151261093921767 0.0 0.0 1.4184737047667049 0.20136119511435402 0.0 0.0 0.0 
node 1 3 1 1
node 2 1 1 1
node 3 3 1 3
node 4 1 0 2
node 27 3 0 0
gene  1 1 4 -14.187446061588151 0 1.0 -14.187446061588151 1
gene  2 2 4 -9.882714052308401 0 2.0 -9.882714052308401 1
gene  3 3 4 -8.724479406058725 0 3.0 -8.724479406058725 1
gene  3 1 27 9.085044991670747 0 80.0 9.085044991670747 1
gene  1 27 4 27.60249961058034 0 81.0 27.60249961058034 1
gene  2 3 27 -4.449603440317905 0 109.0 -4.449603440317905 1
gene  2 2 27 7.454195407092188 0 113.0 7.454195407092188 1
genomeend 10
