genomestart  98
trait 1 0.24752282297412978 0.06580111076468545 0.0 0.20831024849334967 0.025071082154728298 0.0486669310329602 9.998098331782134E-4 0.0 
trait 2 0.2 0.0 0.0 0.0 0.0 0.0 0.0 0.0 
trait 3 0.34758106760543034 0.0 0.0 0.0 0.0 0.10121239988747802 0.08647148072088728 0.07346983059337467 
node 1 1 1 1
node 2 1 1 1
node 3 3 1 3
node 4 1 0 2
node 12 1 0 0
node 37 1 0 0
node 45 1 0 0
node 63 2 0 0
node 77 1 0 0
node 163 1 0 0
node 171 1 0 0
gene  1 1 4 1.5266850847633404 0 1.0 1.5266850847633404 0
gene  2 2 4 -1.8863987009572358 0 2.0 -1.8863987009572358 1
gene  3 3 4 0.3864596627648309 0 3.0 0.3864596627648309 1
gene  1 1 12 5.820784790422349 0 21.0 5.820784790422349 1
gene  1 12 4 5.27594184596601 0 22.0 5.27594184596601 1
gene  3 2 12 10.130688902621385 0 36.0 10.130688902621385 1
gene  1 3 12 -2.589283343030308 0 86.0 -2.589283343030308 1
gene  1 1 37 -0.15747713722586076 0 117.0 -0.15747713722586076 1
gene  1 37 4 -10.499904700394943 0 118.0 -10.499904700394943 1
gene  1 1 45 1.3260473808716084 0 170.0 1.3260473808716084 0
gene  1 45 4 -2.208281158843679 0 171.0 -2.208281158843679 0
gene  1 2 45 0.9043476479426416 0 184.0 0.9043476479426416 1
gene  3 37 45 -8.603497395726423 0 229.0 -8.603497395726423 1
gene  1 1 63 -6.098326180881986 0 264.0 -6.098326180881986 1
gene  1 63 4 4.3175669792985545 0 265.0 4.3175669792985545 1
gene  3 12 63 3.08471316752041 0 294.0 3.08471316752041 1
gene  1 1 77 -1.8018632269728982 0 338.0 -1.8018632269728982 1
gene  1 77 45 -0.6755700432866836 0 339.0 -0.6755700432866836 1
gene  3 12 45 -1.8509703602572536 0 706.0 -1.8509703602572536 1
gene  1 2 163 1.0 0 726.0 0.0 1
gene  1 163 45 0.9043476479426416 0 727.0 0.0 1
gene  1 45 171 1.0 0 749.0 0.0 1
gene  1 171 4 -2.208281158843679 0 750.0 0.0 1
genomeend 98
