genomestart  41
trait 1 0.1 0.0 0.0 0.0 0.0 0.0 0.0 0.0 
trait 2 0.2 0.0 0.0 0.0 0.0 0.0 0.0 0.0 
trait 3 1.199151331198746 0.0 0.0 0.0 0.20841105937580062 0.0 0.0 0.30695160929369625 
node 1 3 1 1
node 2 1 1 1
node 3 3 1 3
node 4 1 0 2
node 27 1 0 0
gene  1 1 4 -5.309256295319858 0 1.0 -5.309256295319858 1
gene  2 2 4 -7.869193951359264 0 2.0 -7.869193951359264 1
gene  3 3 4 -11.839936203411227 0 3.0 -11.839936203411227 1
gene  3 1 27 7.670230953000708 0 80.0 7.670230953000708 1
gene  1 27 4 20.872386848455317 0 81.0 20.872386848455317 1
gene  2 3 27 -3.4990409689896347 0 109.0 -3.4990409689896347 1
gene  2 2 27 7.438000763687247 0 113.0 7.438000763687247 1
genomeend 41
