genomestart  38
trait 1 0.1 0.0 0.0 0.0 0.0 0.0 0.0 0.0 
trait 2 0.2 0.0 0.0 0.0 0.0 0.0 0.0 0.0 
trait 3 1.199151331198746 0.0 0.0 0.0 0.20841105937580062 0.0 0.0 0.30695160929369625 
node 1 3 1 1
node 2 1 1 1
node 3 1 1 3
node 4 1 0 2
node 27 1 0 0
gene  2 1 4 -5.663965282959376 0 1.0 -5.663965282959376 1
gene  2 2 4 -3.057385416287242 0 2.0 -3.057385416287242 1
gene  3 3 4 -15.417707307723987 0 3.0 -15.417707307723987 1
gene  3 1 27 7.570654636216233 0 80.0 7.570654636216233 1
gene  1 27 4 22.089097686658828 0 81.0 22.089097686658828 1
gene  2 3 27 -4.381661493543337 0 109.0 -4.381661493543337 1
gene  2 2 27 5.829538464661369 0 113.0 5.829538464661369 1
genomeend 38
