genomestart  13
trait 1 0.1 0.0 0.0 0.0 0.0 0.0 0.0 0.0 
trait 2 0.2 0.0 0.0 0.0 0.0 0.0 0.0 0.0 
trait 3 1.151261093921767 0.0 0.0 1.4184737047667049 0.20136119511435402 0.0 0.0 0.0 
node 1 3 1 1
node 2 1 1 1
node 3 3 1 3
node 4 1 0 2
node 27 3 0 0
gene  1 1 4 -13.67933754979796 0 1.0 -13.67933754979796 1
gene  1 2 4 -14.084871226996137 0 2.0 -14.084871226996137 1
gene  3 3 4 -5.50745934456375 0 3.0 -5.50745934456375 1
gene  3 1 27 6.77086745994709 0 80.0 6.77086745994709 1
gene  1 27 4 23.48050514049009 0 81.0 23.48050514049009 1
gene  2 3 27 -4.333383585676329 0 109.0 -4.333383585676329 1
gene  2 2 27 6.590190524462134 0 113.0 6.590190524462134 1
genomeend 13
