genomestart  46
trait 1 0.1828018383578469 0.511646722685368 0.887916213060954 0.16740380527481824 0.0 0.8682455558581392 0.0 0.20858169628672263 
trait 2 0.2 0.0 0.0 0.0 0.0 0.0 0.0 0.011377811850802742 
trait 3 0.40500261316494196 0.5332891832981644 0.19951034042631954 0.0 0.0 0.2282007844791084 0.0 0.09301400611535382 
node 1 1 1 1
node 2 1 1 1
node 3 1 1 3
node 4 1 0 2
node 7 3 0 0
node 11 1 0 0
node 31 2 0 0
node 44 3 0 0
node 265 1 0 0
gene  3 1 4 4.056523857622458 0 1.0 4.056523857622458 1
gene  3 2 4 2.6518970432680486 0 2.0 2.6518970432680486 0
gene  3 3 4 16.63282821914522 0 3.0 16.63282821914522 1
gene  2 1 7 7.09581613144139 0 8.0 7.09581613144139 1
gene  1 7 4 5.915300818612348 0 9.0 5.915300818612348 1
gene  2 2 11 -3.2229489399767015 0 19.0 -3.2229489399767015 1
gene  2 11 4 -1.6177718313781224 0 20.0 -1.6177718313781224 0
gene  1 3 11 -11.491071343178106 0 60.0 -11.491071343178106 1
gene  3 1 31 -0.2492959884867596 0 88.0 -0.2492959884867596 1
gene  1 31 7 -12.522179159808966 0 89.0 -12.522179159808966 1
gene  1 7 44 -8.280857017585024 0 138.0 -8.280857017585024 1
gene  1 44 4 -25.78488064188419 0 139.0 -25.78488064188419 1
gene  3 2 44 -2.0501011984966917 0 144.0 -2.0501011984966917 1
gene  1 2 31 4.1720932446365975 0 243.0 4.1720932446365975 1
gene  2 31 44 1.3941854816245238 0 332.0 1.3941854816245238 1
gene  1 1 44 4.427375944886735 0 968.0 4.427375944886735 1
gene  2 11 265 1.0 0 1195.0 1.0 1
gene  2 265 4 -1.9726688340558165 0 1196.0 -1.9726688340558165 1
genomeend 46
