genomestart  12
trait 1 0.0 0.0996959996336042 0.0 0.0 0.0 0.17980252092901416 0.0 0.0 
trait 2 0.2 0.0 0.0 0.0 0.0 0.0 0.0 0.0 
trait 3 0.3 0.0 0.0 0.8153466414577913 0.0 0.0 0.0 0.16360210646758178 
node 1 2 1 1
node 2 2 1 1
node 3 1 1 3
node 4 1 0 2
node 7 2 0 0
node 14 1 0 0
node 17 1 0 0
node 28 1 0 0
gene  1 1 4 -4.214757486411722 0 1.0 -4.214757486411722 1
gene  2 2 4 -5.396402551219216 0 2.0 -5.396402551219216 1
gene  3 3 4 -5.218867541578822 0 3.0 -5.218867541578822 1
gene  1 1 7 -2.4645259607598344 0 8.0 -2.4645259607598344 0
gene  1 7 4 9.70487645880011 0 9.0 9.70487645880011 1
gene  2 1 14 -3.8753838445038324 0 27.0 -3.8753838445038324 1
gene  1 14 4 2.237003711301207 0 28.0 2.237003711301207 1
gene  2 2 17 -2.7761202176456283 0 37.0 -2.7761202176456283 1
gene  2 17 4 3.8188148055042967 0 38.0 3.8188148055042967 1
gene  2 1 17 -0.751477318630685 0 54.0 -0.751477318630685 1
gene  3 1 28 0.653067339329916 0 78.0 0.653067339329916 1
gene  1 28 7 1.8602611464810412 0 79.0 1.8602611464810412 1
gene  3 17 7 -10.802077926032213 0 148.0 -10.802077926032213 1
genomeend 12
