genomestart  42
trait 1 0.1 0.0 0.0 0.0 0.0 0.0 0.0 0.0 
trait 2 0.2 0.0 0.0 0.0 0.0 0.0 0.0 0.0 
trait 3 1.199151331198746 0.0 0.0 0.0 0.20841105937580062 0.0 0.0 0.30695160929369625 
node 1 3 1 1
node 2 1 1 1
node 3 1 1 3
node 4 1 0 2
node 27 1 0 0
gene  1 1 4 -7.103630557333911 0 1.0 -7.103630557333911 1
gene  2 2 4 -4.621188849278003 0 2.0 -4.621188849278003 1
gene  3 3 4 -11.847348903209726 0 3.0 -11.847348903209726 1
gene  3 1 27 7.714066902101781 0 80.0 7.714066902101781 1
gene  1 27 4 21.597805566550665 0 81.0 21.597805566550665 1
gene  2 3 27 -6.119459680468777 0 109.0 -6.119459680468777 1
gene  2 2 27 6.449655547724442 0 113.0 6.449655547724442 1
genomeend 42
