genomestart  33
trait 1 0.1 0.0 0.0 0.0 0.0 0.0 0.0 0.0 
trait 2 0.2 0.0 0.0 0.0 0.0 0.0 0.0 0.0 
trait 3 1.199151331198746 0.0 0.0 0.0 0.20841105937580062 0.0 0.0 0.30695160929369625 
node 1 3 1 1
node 2 1 1 1
node 3 3 1 3
node 4 1 0 2
node 27 1 0 0
gene  1 1 4 -7.6248926813587286 0 1.0 -7.6248926813587286 1
gene  2 2 4 -9.142812908266503 0 2.0 -9.142812908266503 1
gene  3 3 4 -9.688376108615373 0 3.0 -9.688376108615373 1
gene  3 1 27 5.213848520666737 0 80.0 5.213848520666737 1
gene  1 27 4 24.362161495448323 0 81.0 24.362161495448323 1
gene  2 3 27 -2.9304528328420125 0 109.0 -2.9304528328420125 1
gene  2 2 27 11.940732161775047 0 113.0 11.940732161775047 1
genomeend 33
