genomestart  110
trait 1 0.24752282297412978 0.06580111076468545 0.0 0.20831024849334967 0.025071082154728298 0.0486669310329602 9.998098331782134E-4 0.0 
trait 2 0.2 0.0 0.0 0.0 0.0 0.0 0.0 0.0 
trait 3 0.34758106760543034 0.0 0.0 0.0 0.0 0.10121239988747802 0.08647148072088728 0.07346983059337467 
node 1 1 1 1
node 2 1 1 1
node 3 3 1 3
node 4 1 0 2
node 12 1 0 0
node 37 1 0 0
node 45 1 0 0
node 63 1 0 0
node 77 1 0 0
gene  1 1 4 3.5758603256111954 0 1.0 3.5758603256111954 0
gene  2 2 4 -2.9177865460501553 0 2.0 -2.9177865460501553 1
gene  3 3 4 -2.158724453460995 0 3.0 -2.158724453460995 1
gene  1 1 12 6.300321123947937 0 21.0 6.300321123947937 1
gene  1 12 4 7.566314265887975 0 22.0 7.566314265887975 1
gene  3 2 12 8.399281118316274 0 36.0 8.399281118316274 1
gene  1 3 12 -3.1644058279129994 0 86.0 -3.1644058279129994 1
gene  1 1 37 0.09416280523066778 0 117.0 0.09416280523066778 1
gene  1 37 4 -7.63532497410594 0 118.0 -7.63532497410594 1
gene  1 1 45 1.920284978236259 0 170.0 1.920284978236259 0
gene  1 45 4 0.25076882360029584 0 171.0 0.25076882360029584 1
gene  1 2 45 0.8918542363260249 0 184.0 0.8918542363260249 1
gene  3 37 45 -8.322457443461664 0 229.0 -8.322457443461664 1
gene  1 1 63 -3.3735411777527426 0 264.0 -3.3735411777527426 1
gene  1 63 4 4.252532166348645 0 265.0 4.252532166348645 1
gene  3 12 63 1.214049635949856 0 294.0 1.214049635949856 1
gene  1 1 77 1.7155740399540718 0 338.0 1.7155740399540718 1
gene  1 77 45 2.7887416806316967 0 339.0 2.7887416806316967 1
genomeend 110
