genomestart  16
trait 1 0.1 0.0 0.0 0.0 0.0 0.0 0.0 0.0 
trait 2 0.2 0.0 0.0 0.0 0.0 0.0 0.0 0.0 
trait 3 1.151261093921767 0.0 0.0 1.4184737047667049 0.20136119511435402 0.0 0.0 0.0 
node 1 3 1 1
node 2 1 1 1
node 3 3 1 3
node 4 1 0 2
node 27 3 0 0
gene  1 1 4 -14.33555866592992 0 1.0 -14.33555866592992 1
gene  2 2 4 -10.639054053755807 0 2.0 -10.639054053755807 1
gene  3 3 4 -8.043516218266449 0 3.0 -8.043516218266449 1
gene  3 1 27 6.5844551876871185 0 80.0 6.5844551876871185 1
gene  1 27 4 25.2589597941291 0 81.0 25.2589597941291 1
gene  2 3 27 -1.6990250956547928 0 109.0 -1.6990250956547928 1
gene  2 2 27 5.150576215948972 0 113.0 5.150576215948972 1
genomeend 16
