genomestart  155
trait 1 0.1 0.0 0.0 0.0 0.0 0.0 0.0 0.0 
trait 2 0.2 0.0 0.0 0.0 0.0 0.0 0.0 0.0 
trait 3 0.6376267350833316 0.0 0.0 0.0 0.0 0.0 0.0 0.06629462485645231 
node 1 1 1 1
node 2 1 1 1
node 3 1 1 3
node 4 1 0 2
node 27 1 0 0
node 43 1 0 0
node 58 1 0 0
node 72 1 0 0
node 103 1 0 0
gene  1 1 4 1.4919474018618892 0 1.0 1.4919474018618892 0
gene  2 2 4 -0.1683132483924219 0 2.0 -0.1683132483924219 0
gene  3 3 4 -2.977746823935023 0 3.0 -2.977746823935023 1
gene  1 1 27 -7.846833732978612 0 80.0 -7.846833732978612 1
gene  1 27 4 -2.4172352836651605 0 81.0 -2.4172352836651605 1
gene  2 3 27 2.10946259045431 0 109.0 2.10946259045431 1
gene  2 2 27 21.722271397481514 0 113.0 21.722271397481514 1
gene  2 2 43 3.1280716016237906 0 157.0 3.1280716016237906 1
gene  3 43 4 7.522633952688635 0 158.0 7.522633952688635 1
gene  1 1 43 -0.0381584609388278 0 224.0 -0.0381584609388278 1
gene  1 1 58 4.955725869911175 0 242.0 4.955725869911175 1
gene  1 58 4 0.03981094456394563 0 243.0 0.03981094456394563 0
gene  1 58 43 -9.630769732002413 0 288.0 -9.630769732002413 1
gene  1 1 72 2.1144180980617557 0 318.0 2.1144180980617557 1
gene  1 72 4 2.4357344316958223 0 319.0 2.4357344316958223 1
gene  3 27 72 -11.321108124117586 0 411.0 -11.321108124117586 1
gene  3 58 72 -0.6532376515838558 0 439.0 -0.6532376515838558 1
gene  1 58 103 1.567879608067793 0 451.0 1.567879608067793 1
gene  1 103 4 4.87693391311721 0 452.0 4.87693391311721 1
gene  2 2 58 -2.141224756508483 0 585.0 -2.141224756508483 1
gene  2 72 43 -1.9968966149120195 0 677.0 -1.9968966149120195 1
genomeend 155
