genomestart  69
trait 1 0.1828018383578469 0.511646722685368 0.887916213060954 0.16740380527481824 0.0 0.8682455558581392 0.0 0.20858169628672263 
trait 2 0.2 0.0 0.0 0.0 0.0 0.0 0.0 0.011377811850802742 
trait 3 0.40500261316494196 0.5332891832981644 0.19951034042631954 0.0 0.0 0.2282007844791084 0.0 0.09301400611535382 
node 1 1 1 1
node 2 1 1 1
node 3 1 1 3
node 4 1 0 2
node 7 3 0 0
node 11 1 0 0
node 31 2 0 0
node 44 3 0 0
gene  1 1 4 -7.139167300117516 0 1.0 -7.139167300117516 1
gene  3 2 4 0.5847374989636402 0 2.0 0.5847374989636402 0
gene  3 3 4 15.220571495625752 0 3.0 15.220571495625752 1
gene  2 1 7 7.3838009767948005 0 8.0 7.3838009767948005 1
gene  1 7 4 3.136324146187002 0 9.0 3.136324146187002 1
gene  2 2 11 -4.667843758077559 0 19.0 -4.667843758077559 1
gene  2 11 4 -0.651776605501744 0 20.0 -0.651776605501744 1
gene  1 3 11 -7.145486684670284 0 60.0 -7.145486684670284 1
gene  3 1 31 -4.492424532866375 0 88.0 -4.492424532866375 1
gene  1 31 7 -11.670905133115369 0 89.0 -11.670905133115369 1
gene  1 7 44 -8.834669312405147 0 138.0 -8.834669312405147 1
gene  1 44 4 -20.173613706314114 0 139.0 -20.173613706314114 1
gene  3 2 44 -5.630047771325025 0 144.0 -5.630047771325025 1
gene  3 2 31 5.124173522774147 0 243.0 5.124173522774147 1
gene  2 31 44 3.958726622487598 0 332.0 3.958726622487598 1
gene  1 1 44 2.0913162048537366 0 968.0 2.0913162048537366 1
genomeend 69
