genomestart  196
trait 1 0.1828018383578469 0.511646722685368 0.887916213060954 0.16740380527481824 0.0 0.8682455558581392 0.0 0.20858169628672263 
trait 2 0.2 0.0 0.0 0.0 0.0 0.0 0.0 0.011377811850802742 
trait 3 0.40500261316494196 0.5332891832981644 0.19951034042631954 0.0 0.0 0.2282007844791084 0.0 0.09301400611535382 
node 1 1 1 1
node 2 1 1 1
node 3 1 1 3
node 4 1 0 2
node 7 3 0 0
node 11 1 0 0
node 31 2 0 0
node 44 3 0 0
node 265 1 0 0
gene  3 1 4 0.7554245548198593 0 1.0 0.7554245548198593 1
gene  3 2 4 -0.31633895224528263 0 2.0 -0.31633895224528263 0
gene  3 3 4 16.105701479893064 0 3.0 16.105701479893064 1
gene  2 1 7 6.982982757051129 0 8.0 6.982982757051129 1
gene  1 7 4 2.6574687043627807 0 9.0 2.6574687043627807 1
gene  1 2 11 -2.6389082291085133 0 19.0 -2.6389082291085133 1
gene  2 11 4 -0.6847560157016221 0 20.0 -0.6847560157016221 0
gene  1 3 11 -8.281474444913904 0 60.0 -8.281474444913904 1
gene  3 1 31 -0.9677101475836534 0 88.0 -0.9677101475836534 1
gene  1 31 7 -12.98827583009382 0 89.0 -12.98827583009382 1
gene  1 7 44 -4.197692916927782 0 138.0 -4.197692916927782 1
gene  1 44 4 -26.33860239378918 0 139.0 -26.33860239378918 1
gene  3 2 44 -4.201546033649459 0 144.0 -4.201546033649459 1
gene  3 2 31 3.5790385866652006 0 243.0 3.5790385866652006 1
gene  2 31 44 2.982537642229703 0 332.0 2.982537642229703 1
gene  1 1 44 1.7008498391998468 0 968.0 1.7008498391998468 1
gene  2 11 265 1.0 0 1195.0 1.0 1
gene  2 265 4 -3.769551052615018 0 1196.0 -3.769551052615018 1
gene  2 31 265 5.63021297205863 0 1314.0 5.63021297205863 1
gene  2 7 265 -6.732537626249686 0 1328.0 -6.732537626249686 1
gene  3 1 11 4.178795680792602 0 1348.0 4.178795680792602 1
genomeend 196
