genomestart  53
trait 1 0.08095703125 0.17058250465120967 0.0 0.03137016751792348 0.0 0.0 0.0 0.0 
trait 2 0.24344716250459295 0.0 0.03420370051487321 0.05329185178940672 0.0 0.04194257483884601 0.0 0.0 
trait 3 0.3 0.08272181738054382 0.2515412502623684 0.0 0.0 0.6192375517619333 0.2919406141810683 0.13865768321162808 
node 1 2 1 1
node 2 1 1 1
node 3 1 1 3
node 4 1 0 2
node 7 1 0 0
node 26 1 0 0
node 29 1 0 0
gene  1 1 4 4.8838802703673565 0 1.0 4.8838802703673565 0
gene  2 2 4 -1.8910911680836153 0 2.0 -1.8910911680836153 1
gene  3 3 4 -2.574452039457353 0 3.0 -2.574452039457353 1
gene  1 1 7 9.872319465773913 0 8.0 9.872319465773913 1
gene  1 7 4 4.1141669353589325 0 9.0 4.1141669353589325 1
gene  2 2 7 5.458286280342885 0 12.0 5.458286280342885 1
gene  2 3 7 -4.418774464350177 0 64.0 -4.418774464350177 1
gene  1 1 26 -4.575697875148984 0 73.0 -4.575697875148984 1
gene  1 26 4 4.872947115941503 0 74.0 4.872947115941503 1
gene  1 1 29 -0.9966448152186933 0 90.0 -0.9966448152186933 1
gene  1 29 7 2.7187345251550425 0 91.0 2.7187345251550425 1
gene  3 2 29 -0.9233872551476463 0 185.0 -0.9233872551476463 1
gene  3 29 4 -1.9835726077234095 0 315.0 -1.9835726077234095 1
genomeend 53
