genomestart  40
trait 1 0.1 0.0 0.0 0.0 0.0 0.0 0.0 0.0 
trait 2 0.2 0.0 0.0 0.0 0.0 0.0 0.0 0.0 
trait 3 1.199151331198746 0.0 0.0 0.0 0.20841105937580062 0.0 0.0 0.30695160929369625 
node 1 3 1 1
node 2 1 1 1
node 3 3 1 3
node 4 1 0 2
node 27 1 0 0
gene  1 1 4 -8.015446092371935 0 1.0 -8.015446092371935 1
gene  2 2 4 -6.989934277581392 0 2.0 -6.989934277581392 1
gene  3 3 4 -9.928902242105806 0 3.0 -9.928902242105806 1
gene  3 1 27 8.051056287981172 0 80.0 8.051056287981172 1
gene  1 27 4 21.948757150844173 0 81.0 21.948757150844173 1
gene  2 3 27 -3.349330505821694 0 109.0 -3.349330505821694 1
gene  2 2 27 8.72107907369584 0 113.0 8.72107907369584 1
genomeend 40
