genomestart  13
trait 1 0.1 0.0 0.0 0.0 0.0 0.0 0.0 0.0 
trait 2 0.23685053282023422 0.0 0.0 0.3654867128032846 0.4045105669490755 0.0 0.0 0.5391990990819431 
trait 3 1.199151331198746 0.0 0.0 0.0 0.20841105937580062 0.0 0.0 0.30695160929369625 
node 1 3 1 1
node 2 1 1 1
node 3 3 1 3
node 4 1 0 2
node 27 1 0 0
gene  1 1 4 -12.561133228556843 0 1.0 -12.561133228556843 1
gene  2 2 4 -11.555701715137754 0 2.0 -11.555701715137754 1
gene  2 3 4 -7.425410379350982 0 3.0 -7.425410379350982 1
gene  3 1 27 4.338959610770937 0 80.0 4.338959610770937 1
gene  1 27 4 21.668495928620608 0 81.0 21.668495928620608 1
gene  2 3 27 -0.27578313976414415 0 109.0 -0.27578313976414415 1
gene  2 2 27 3.966813305465823 0 113.0 3.966813305465823 1
genomeend 13
