genomestart  108
trait 1 0.0 0.0 0.0 0.0 0.055398074479255544 0.0 0.3568575379219483 0.12192827250494745 
trait 2 0.17500000000000002 0.03353619471315164 0.0 0.36626530219910236 0.05845915468876921 0.0 0.0 0.0 
trait 3 0.3 0.0 0.0 0.0 0.0 0.0 0.0 0.0 
node 1 2 1 1
node 2 2 1 1
node 3 1 1 3
node 4 1 0 2
node 7 1 0 0
node 14 3 0 0
node 17 2 0 0
node 28 1 0 0
node 44 1 0 0
node 47 3 0 0
node 58 1 0 0
node 145 1 0 0
node 193 1 0 0
gene  1 1 4 -4.636762530594655 0 1.0 -4.636762530594655 1
gene  2 2 4 2.9208152822349134 0 2.0 2.9208152822349134 1
gene  3 3 4 2.8929230568682085 0 3.0 2.8929230568682085 1
gene  1 1 7 0.5662233840021986 0 8.0 0.5662233840021986 0
gene  1 7 4 8.13862071820292 0 9.0 8.13862071820292 1
gene  1 1 14 1.0033209824731155 0 27.0 1.0033209824731155 1
gene  1 14 4 -1.7689468637454366 0 28.0 -1.7689468637454366 1
gene  2 2 17 6.508011076414778 0 37.0 6.508011076414778 1
gene  2 17 4 6.063063805224745 0 38.0 6.063063805224745 1
gene  2 1 17 3.717607604078636 0 54.0 3.717607604078636 1
gene  2 1 28 8.087360253751173 0 78.0 8.087360253751173 1
gene  1 28 7 -3.6533976476925503 0 79.0 -3.6533976476925503 1
gene  1 7 44 1.5371711969471902 0 138.0 1.5371711969471902 1
gene  1 44 4 6.570272033613341 0 139.0 6.570272033613341 1
gene  1 1 47 1.0840181903202297 0 151.0 1.0840181903202297 1
gene  1 47 7 -1.6127724723776087 0 152.0 -1.6127724723776087 1
gene  2 1 58 2.6031589220839644 0 221.0 2.6031589220839644 1
gene  2 58 17 -1.4124904206839404 0 222.0 -1.4124904206839404 1
gene  2 47 58 -3.4969300102808623 0 279.0 -3.4969300102808623 1
gene  2 2 28 -17.02150690053082 0 339.0 -17.02150690053082 1
gene  2 2 145 7.253328531194818 0 633.0 7.253328531194818 1
gene  2 145 4 -12.150678965096112 0 634.0 -12.150678965096112 1
gene  3 1 44 5.067019755981037 0 728.0 5.067019755981037 1
gene  3 14 58 3.70063178651782 0 783.0 3.70063178651782 1
gene  1 1 193 1.0 0 849.0 1.0 1
gene  1 193 7 -1.6787450754525723 0 850.0 -1.6787450754525723 1
genomeend 108
