genomestart  54
trait 1 0.1 0.0 0.0 0.0 0.0 0.0 0.0 0.0 
trait 2 0.2 0.0 0.0 0.0 0.0 0.0 0.0 0.0 
trait 3 1.199151331198746 0.0 0.0 0.0 0.20841105937580062 0.0 0.0 0.30695160929369625 
node 1 3 1 1
node 2 1 1 1
node 3 1 1 3
node 4 1 0 2
node 27 1 0 0
gene  1 1 4 -4.305302479395967 0 1.0 -4.305302479395967 1
gene  2 2 4 -4.588540627614876 0 2.0 -4.588540627614876 1
gene  3 3 4 -12.369909755927452 0 3.0 -12.369909755927452 1
gene  3 1 27 5.047379914514141 0 80.0 5.047379914514141 1
gene  2 27 4 19.69786929441125 0 81.0 19.69786929441125 1
gene  2 3 27 -2.6546473103021606 0 109.0 -2.6546473103021606 1
gene  2 2 27 5.896512077479474 0 113.0 5.896512077479474 1
genomeend 54
