genomestart  10
trait 1 0.1 0.0 0.0 0.0 0.0 0.0 0.0 0.0 
trait 2 0.2 0.0 0.0 0.0 0.0 0.0 0.0 0.0 
trait 3 1.199151331198746 0.0 0.0 0.0 0.20841105937580062 0.0 0.0 0.30695160929369625 
node 1 3 1 1
node 2 3 1 1
node 3 3 1 3
node 4 1 0 2
node 27 1 0 0
gene  1 1 4 -9.019086202600482 0 1.0 -9.019086202600482 1
gene  2 2 4 -11.394238430003762 0 2.0 -11.394238430003762 1
gene  3 3 4 -11.387850733056537 0 3.0 -11.387850733056537 1
gene  3 1 27 4.426058913243435 0 80.0 4.426058913243435 1
gene  1 27 4 24.15400339335199 0 81.0 24.15400339335199 1
gene  2 3 27 -0.6878790566938666 0 109.0 -0.6878790566938666 1
gene  2 2 27 6.412151010740243 0 113.0 6.412151010740243 1
genomeend 10
