genomestart  14
trait 1 0.1 0.0 0.0 0.0 0.0 0.0 0.0 0.0 
trait 2 0.2 0.0 0.0 0.0 0.0 0.0 0.0 0.0 
trait 3 1.199151331198746 0.0 0.0 0.0 0.20841105937580062 0.0 0.0 0.30695160929369625 
node 1 3 1 1
node 2 1 1 1
node 3 3 1 3
node 4 1 0 2
node 27 1 0 0
gene  1 1 4 -10.514837736490273 0 1.0 -10.514837736490273 1
gene  2 2 4 -11.922792141971911 0 2.0 -11.922792141971911 1
gene  3 3 4 -6.749358765849894 0 3.0 -6.749358765849894 1
gene  3 1 27 7.287305901410266 0 80.0 7.287305901410266 1
gene  1 27 4 26.170698399717306 0 81.0 26.170698399717306 1
gene  2 3 27 -3.2590392933838648 0 109.0 -3.2590392933838648 1
gene  2 2 27 6.851391569529915 0 113.0 6.851391569529915 1
genomeend 14
