genomestart  34
trait 1 0.1 0.0 0.0 0.0 0.0 0.0 0.0 0.0 
trait 2 0.2 0.0 0.0 0.0 0.0 0.0 0.0 0.0 
trait 3 1.199151331198746 0.0 0.0 0.0 0.20841105937580062 0.0 0.0 0.30695160929369625 
node 1 3 1 1
node 2 1 1 1
node 3 3 1 3
node 4 1 0 2
node 27 1 0 0
gene  1 1 4 -9.532561030307983 0 1.0 -9.532561030307983 1
gene  2 2 4 -6.272887985531848 0 2.0 -6.272887985531848 1
gene  3 3 4 -10.768241252259584 0 3.0 -10.768241252259584 1
gene  3 1 27 5.033938951184121 0 80.0 5.033938951184121 1
gene  1 27 4 25.754692851510853 0 81.0 25.754692851510853 1
gene  2 3 27 -3.0053298012998804 0 109.0 -3.0053298012998804 1
gene  2 2 27 8.199799986625806 0 113.0 8.199799986625806 1
genomeend 34
