genomestart  32
trait 1 0.1 0.0 0.0 0.0 0.0 0.0 0.0 0.0 
trait 2 0.2 0.0 0.0 0.0 0.0 0.0 0.0 0.0 
trait 3 1.199151331198746 0.0 0.0 0.0 0.20841105937580062 0.0 0.0 0.30695160929369625 
node 1 3 1 1
node 2 1 1 1
node 3 3 1 3
node 4 1 0 2
node 27 1 0 0
gene  1 1 4 -11.648644178562824 0 1.0 -11.648644178562824 1
gene  2 2 4 -12.656940112768332 0 2.0 -12.656940112768332 1
gene  3 3 4 -6.836584748730203 0 3.0 -6.836584748730203 1
gene  3 1 27 4.673889069149824 0 80.0 4.673889069149824 1
gene  1 27 4 21.531658023190282 0 81.0 21.531658023190282 1
gene  2 3 27 -2.2075438885784537 0 109.0 -2.2075438885784537 1
gene  2 2 27 8.480106664297173 0 113.0 8.480106664297173 1
genomeend 32
