genomestart  29
trait 1 0.1 0.0 0.0 0.0 0.0 0.0 0.0 0.0 
trait 2 0.2 0.0 0.0 0.0 0.0 0.0 0.0 0.0 
trait 3 1.199151331198746 0.0 0.0 0.0 0.20841105937580062 0.0 0.0 0.30695160929369625 
node 1 3 1 1
node 2 1 1 1
node 3 3 1 3
node 4 1 0 2
node 27 1 0 0
gene  1 1 4 -9.952794167509891 0 1.0 -9.952794167509891 1
gene  2 2 4 -10.198978441270906 0 2.0 -10.198978441270906 1
gene  3 3 4 -9.410017792907908 0 3.0 -9.410017792907908 1
gene  3 1 27 3.3436605798306105 0 80.0 3.3436605798306105 1
gene  1 27 4 25.166349497245413 0 81.0 25.166349497245413 1
gene  2 3 27 -2.515022794169365 0 109.0 -2.515022794169365 1
gene  2 2 27 9.900060932013591 0 113.0 9.900060932013591 1
genomeend 29
