genomestart  46
trait 1 0.1 0.0 0.0 0.0 0.0 0.0 0.0 0.0 
trait 2 0.2 0.0 0.0 0.0 0.0 0.0 0.0 0.0 
trait 3 1.199151331198746 0.0 0.0 0.0 0.20841105937580062 0.0 0.0 0.30695160929369625 
node 1 3 1 1
node 2 1 1 1
node 3 3 1 3
node 4 1 0 2
node 27 1 0 0
gene  1 1 4 -7.31446183993847 0 1.0 -7.31446183993847 1
gene  2 2 4 -5.0367141304675656 0 2.0 -5.0367141304675656 1
gene  3 3 4 -11.32323202916563 0 3.0 -11.32323202916563 1
gene  3 1 27 8.475324083046575 0 80.0 8.475324083046575 1
gene  1 27 4 22.089097686658828 0 81.0 22.089097686658828 1
gene  2 3 27 -4.381661493543337 0 109.0 -4.381661493543337 1
gene  2 2 27 7.568095222272868 0 113.0 7.568095222272868 1
genomeend 46
