genomestart  14
trait 1 0.1 0.0 0.0 0.0 0.0 0.0 0.0 0.0 
trait 2 0.2 0.0 0.0 0.0 0.0 0.0 0.0 0.0 
trait 3 1.151261093921767 0.0 0.9586711599777861 1.412800106960192 0.43198311882640406 0.0 0.0 0.0 
node 1 3 1 1
node 2 1 1 1
node 3 3 1 3
node 4 1 0 2
node 27 3 0 0
gene  1 1 4 -12.186513573025126 0 1.0 -12.186513573025126 1
gene  2 2 4 -9.748778609657785 0 2.0 -9.748778609657785 1
gene  3 3 4 -6.295090947048354 0 3.0 -6.295090947048354 1
gene  3 1 27 7.968399871465476 0 80.0 7.968399871465476 1
gene  1 27 4 23.21765137802518 0 81.0 23.21765137802518 1
gene  2 3 27 -4.736765719788249 0 109.0 -4.736765719788249 1
gene  2 2 27 7.123441683773718 0 113.0 7.123441683773718 1
genomeend 14
