genomestart  25
trait 1 0.1 0.0 0.0 0.0 0.0 0.0 0.0 0.0 
trait 2 0.2 0.0 0.0 0.0 0.0 0.0 0.0 0.0 
trait 3 1.199151331198746 0.0 0.0 0.0 0.20841105937580062 0.0 0.0 0.30695160929369625 
node 1 3 1 1
node 2 1 1 1
node 3 3 1 3
node 4 1 0 2
node 27 1 0 0
gene  1 1 4 -10.48516407743804 0 1.0 -10.48516407743804 1
gene  2 2 4 -11.731901147593518 0 2.0 -11.731901147593518 1
gene  3 3 4 -6.063364131606347 0 3.0 -6.063364131606347 1
gene  3 1 27 4.374539399233541 0 80.0 4.374539399233541 1
gene  1 27 4 19.978143783621462 0 81.0 19.978143783621462 1
gene  2 3 27 -2.9739635770342057 0 109.0 -2.9739635770342057 1
gene  2 2 27 4.150006779683233 0 113.0 4.150006779683233 1
genomeend 25
