genomestart  21
trait 1 0.05690637560727929 0.0 0.0 0.5295203930149014 0.6874495760107049 0.2612176252586514 0.24942653363099265 0.0037586221827266564 
trait 2 0.2 0.0 0.0 0.0 0.0 0.0 0.0 0.0 
trait 3 0.3459898992173307 0.0 0.0 0.0 0.0 0.09782773495057207 0.08357976993086841 0.07101291069219386 
node 1 1 1 1
node 2 1 1 1
node 3 1 1 3
node 4 1 0 2
node 12 1 0 0
gene  1 1 4 -3.2126525070349237 0 1.0 -3.2126525070349237 1
gene  2 2 4 -4.253339890392606 0 2.0 -4.253339890392606 1
gene  3 3 4 -8.552971847320318 0 3.0 -8.552971847320318 1
gene  1 1 12 1.1646417347934104 0 21.0 1.1646417347934104 1
gene  1 12 4 13.693065836852742 0 22.0 13.693065836852742 1
gene  3 2 12 10.155127145080506 0 36.0 10.155127145080506 1
genomeend 21
