genomestart  28
trait 1 0.1 0.0 0.0 0.0 0.0 0.0 0.0 0.0 
trait 2 0.2 0.0 0.0 0.0 0.0 0.0 0.0 0.0 
trait 3 1.199151331198746 0.0 0.0 0.0 0.20841105937580062 0.0 0.0 0.30695160929369625 
node 1 3 1 1
node 2 1 1 1
node 3 3 1 3
node 4 1 0 2
node 27 1 0 0
gene  1 1 4 -10.214879216153843 0 1.0 -10.214879216153843 1
gene  2 2 4 -10.736745583123101 0 2.0 -10.736745583123101 1
gene  3 3 4 -8.550249308893543 0 3.0 -8.550249308893543 1
gene  3 1 27 5.2476821218367995 0 80.0 5.2476821218367995 1
gene  1 27 4 23.853592397979643 0 81.0 23.853592397979643 1
gene  2 3 27 -3.2854415639644516 0 109.0 -3.2854415639644516 1
gene  2 2 27 6.959445743479933 0 113.0 6.959445743479933 1
genomeend 28
