genomestart  16
trait 1 0.1 0.0 0.0 0.0 0.0 0.0 0.0 0.0 
trait 2 0.2 0.0 0.0 0.0 0.0 0.0 0.0 0.0 
trait 3 1.199151331198746 0.0 0.0 0.0 0.20841105937580062 0.0 0.0 0.30695160929369625 
node 1 3 1 1
node 2 1 1 1
node 3 3 1 3
node 4 1 0 2
node 27 1 0 0
gene  1 1 4 -6.813531679547972 0 1.0 -6.813531679547972 1
gene  2 2 4 -9.39413982287118 0 2.0 -9.39413982287118 1
gene  3 3 4 -9.543187267890348 0 3.0 -9.543187267890348 1
gene  3 1 27 5.656018388632832 0 80.0 5.656018388632832 1
gene  1 27 4 23.44215635638527 0 81.0 23.44215635638527 1
gene  2 3 27 -3.2904664531914185 0 109.0 -3.2904664531914185 1
gene  2 2 27 7.813574956996535 0 113.0 7.813574956996535 1
genomeend 16
