genomestart  172
trait 1 0.24752282297412978 0.06580111076468545 0.0 0.20831024849334967 0.025071082154728298 0.0486669310329602 9.998098331782134E-4 0.0 
trait 2 0.2 0.0 0.0 0.04469790454987377 0.243615323184182 0.0 0.0 0.0 
trait 3 0.34758106760543034 0.0 0.0 0.0 0.0 0.10121239988747802 0.08647148072088728 0.07346983059337467 
node 1 1 1 1
node 2 1 1 1
node 3 1 1 3
node 4 1 0 2
node 12 1 0 0
node 37 1 0 0
node 45 1 0 0
gene  1 1 4 -2.00769350236019 0 1.0 -2.00769350236019 1
gene  2 2 4 -0.6828416796037231 0 2.0 -0.6828416796037231 1
gene  3 3 4 -2.3861985747344026 0 3.0 -2.3861985747344026 1
gene  1 1 12 5.129587257561555 0 21.0 5.129587257561555 1
gene  1 12 4 3.2083654959746126 0 22.0 3.2083654959746126 1
gene  3 2 12 7.419538799340382 0 36.0 7.419538799340382 1
gene  1 3 12 -0.8818399133379051 0 86.0 -0.8818399133379051 1
gene  1 1 37 2.6987867991948145 0 117.0 2.6987867991948145 1
gene  1 37 4 1.2771793333206212 0 118.0 1.2771793333206212 1
gene  1 1 45 -0.6827690955401456 0 170.0 -0.6827690955401456 1
gene  1 45 4 -0.12572835731986265 0 171.0 -0.12572835731986265 1
gene  1 2 45 2.038503350594399 0 184.0 2.038503350594399 1
gene  3 37 45 -2.6395818177518766 0 229.0 -2.6395818177518766 1
genomeend 172
