genomestart  22
trait 1 0.1 0.0 0.0 0.0 0.0 0.0 0.0 0.0 
trait 2 0.2 0.0 0.0 0.0 0.0 0.0 0.0 0.0 
trait 3 1.199151331198746 0.0 0.0 0.0 0.20841105937580062 0.0 0.0 0.30695160929369625 
node 1 3 1 1
node 2 1 1 1
node 3 3 1 3
node 4 1 0 2
node 27 1 0 0
gene  1 1 4 -11.021761738805344 0 1.0 -11.021761738805344 1
gene  2 2 4 -10.441780784789517 0 2.0 -10.441780784789517 1
gene  3 3 4 -3.7333826392756704 0 3.0 -3.7333826392756704 1
gene  3 1 27 8.638676289716134 0 80.0 8.638676289716134 1
gene  1 27 4 24.5469175480541 0 81.0 24.5469175480541 1
gene  2 3 27 -2.2917672816448125 0 109.0 -2.2917672816448125 1
gene  2 2 27 4.006012533663339 0 113.0 4.006012533663339 1
genomeend 22
