genomestart  169
trait 1 0.38814261839298536 0.0 0.9050006718919018 0.36384170006448224 0.935613007493204 0.0 0.0 0.0 
trait 2 0.0 0.0 0.5929322033646273 0.06819585184899224 0.0 0.0 0.0 0.0 
trait 3 0.3 0.22225896443068605 0.0 0.0 0.0 0.0 0.0 0.0 
node 1 2 1 1
node 2 2 1 1
node 3 3 1 3
node 4 1 0 2
node 7 1 0 0
node 14 1 0 0
node 17 1 0 0
node 26 1 0 0
node 85 1 0 0
node 122 1 0 0
node 138 1 0 0
node 198 1 0 0
node 234 1 0 0
node 253 1 0 0
node 262 1 0 0
gene  2 1 4 4.33169672198459 0 1.0 4.33169672198459 1
gene  2 2 4 -2.1182427034983533 0 2.0 -2.1182427034983533 1
gene  3 3 4 -4.013367305795638 0 3.0 -4.013367305795638 1
gene  1 1 7 -1.2156272474726908 0 8.0 -1.2156272474726908 1
gene  1 7 4 -1.5303461017807236 0 9.0 -1.5303461017807236 1
gene  1 1 14 -5.7293293799043346 0 27.0 -5.7293293799043346 1
gene  1 14 4 4.746666781984502 0 28.0 4.746666781984502 1
gene  2 2 17 12.759161474232783 0 37.0 12.759161474232783 1
gene  2 17 4 14.641862041240778 0 38.0 14.641862041240778 1
gene  3 17 7 1.7526261800583152 0 58.0 1.7526261800583152 1
gene  2 2 26 3.898563221246656 0 72.0 3.898563221246656 1
gene  2 26 4 0.4019950260849173 0 73.0 0.4019950260849173 1
gene  2 1 26 2.489573879477552 0 173.0 2.489573879477552 1
gene  2 1 17 -0.8578734915865385 0 237.0 -0.8578734915865385 1
gene  1 2 7 4.136248636648062 0 302.0 4.136248636648062 1
gene  1 2 85 1.0791887429291287 0 352.0 1.0791887429291287 1
gene  1 85 7 -2.9983374784800287 0 353.0 -2.9983374784800287 1
gene  1 3 85 -12.875311485849945 0 446.0 -12.875311485849945 1
gene  1 17 122 1.0779815958067611 0 547.0 1.0779815958067611 1
gene  3 122 7 -2.668585882931697 0 548.0 -2.668585882931697 1
gene  2 14 122 0.06767438557274663 0 585.0 0.06767438557274663 1
gene  1 7 138 -9.086967332427115 0 609.0 -9.086967332427115 1
gene  2 138 4 -7.304346782007423 0 610.0 -7.304346782007423 1
gene  2 1 198 5.347413162830157 0 873.0 5.347413162830157 1
gene  2 198 17 -15.354219366409975 0 874.0 -15.354219366409975 1
gene  2 2 234 2.7105331875750105 0 1038.0 2.7105331875750105 1
gene  2 234 26 2.634875490204476 0 1039.0 2.634875490204476 1
gene  3 14 7 7.772874733320494 0 1083.0 7.772874733320494 1
gene  2 2 253 -1.9436945356921917 0 1126.0 -1.9436945356921917 1
gene  2 253 26 -1.1567744227532917 0 1127.0 -1.1567744227532917 1
gene  3 14 262 4.116425432015857 0 1185.0 4.116425432015857 1
gene  3 262 122 -2.001600997741095 0 1186.0 -2.001600997741095 1
gene  2 14 138 -3.8423402998228458 0 1222.0 -3.8423402998228458 1
gene  3 234 253 1.7928637859032714 0 1245.0 1.7928637859032714 1
gene  3 85 122 4.203527512459343 0 1380.0 4.203527512459343 1
gene  3 253 262 4.136957955585199 0 1439.0 4.136957955585199 1
gene  1 1 138 -7.175578765416907 0 1460.0 -7.175578765416907 1
gene  2 1 122 2.862502079625314 0 1551.0 2.862502079625314 1
gene  3 26 85 -0.7122927856569023 0 1588.0 -0.7122927856569023 1
genomeend 169
