genomestart  17
trait 1 0.1 0.0 0.0 0.0 0.0 0.0 0.0 0.0 
trait 2 0.2 0.0 0.0 0.0 0.0 0.0 0.0 0.0 
trait 3 1.199151331198746 0.0 0.0 0.0 0.20841105937580062 0.0 0.0 0.30695160929369625 
node 1 3 1 1
node 2 1 1 1
node 3 3 1 3
node 4 1 0 2
node 27 1 0 0
gene  1 1 4 -8.39821019933645 0 1.0 -8.39821019933645 1
gene  2 2 4 -10.1152943150402 0 2.0 -10.1152943150402 1
gene  2 3 4 -9.227275619380261 0 3.0 -9.227275619380261 1
gene  3 1 27 4.077428000012936 0 80.0 4.077428000012936 1
gene  1 27 4 24.14199632955753 0 81.0 24.14199632955753 1
gene  2 3 27 -1.2905188274959412 0 109.0 -1.2905188274959412 1
gene  2 2 27 7.487702590830206 0 113.0 7.487702590830206 1
genomeend 17
