genomestart  20
trait 1 0.13758880872216217 0.0 0.0 0.0 0.0 0.0 0.0 0.23261439317019972 
trait 2 0.28584644030129075 0.2177678020902366 0.5832264568680608 0.796866821784067 0.0 0.0 0.7883933915082119 0.5811723472787429 
trait 3 0.6647931693886189 0.0 0.0 0.11609151232060977 0.0 0.1999730630644102 0.018335650124731706 0.0 
node 1 2 1 1
node 2 2 1 1
node 3 1 1 3
node 4 2 0 2
node 17 1 0 0
node 59 1 0 0
gene  3 1 4 -6.732737550898838 0 1.0 -6.732737550898838 1
gene  3 2 4 -3.7621362504927944 0 2.0 -3.7621362504927944 1
gene  3 3 4 -11.104668842552543 0 3.0 -11.104668842552543 1
gene  2 1 17 7.097673568785374 0 38.0 7.097673568785374 1
gene  3 17 4 20.246946540440295 0 39.0 20.246946540440295 1
gene  3 2 17 18.263971214940916 0 175.0 18.263971214940916 1
gene  2 2 59 -5.0755212027665975 0 244.0 -5.0755212027665975 1
gene  1 59 4 -1.5849623074612773 0 245.0 -1.5849623074612773 1
gene  1 1 59 -2.0012122455858576 0 850.0 -2.0012122455858576 1
gene  2 59 17 -9.076285078910708 0 1196.0 -9.076285078910708 1
genomeend 20
