genomestart  94
trait 1 0.24752282297412978 0.0 0.0 0.6748884887868558 0.025071082154728298 0.004405795074528471 0.25232841527737 0.4736968391097336 
trait 2 0.2 0.0 0.0 0.0 0.0 0.0 0.0 0.0 
trait 3 0.34758106760543034 0.0 0.0 0.0 0.0 0.10121239988747802 0.08647148072088728 0.07346983059337467 
node 1 1 1 1
node 2 1 1 1
node 3 3 1 3
node 4 1 0 2
node 12 1 0 0
node 37 1 0 0
node 45 1 0 0
node 63 2 0 0
node 77 1 0 0
node 163 1 0 0
node 171 1 0 0
gene  1 1 4 2.7875091907844727 0 1.0 2.7875091907844727 0
gene  2 2 4 -3.102072605453555 0 2.0 -3.102072605453555 1
gene  3 3 4 2.891583499048142 0 3.0 2.891583499048142 1
gene  1 1 12 6.801376984095031 0 21.0 6.801376984095031 1
gene  1 12 4 6.710097586893234 0 22.0 6.710097586893234 1
gene  3 2 12 7.164798140617466 0 36.0 7.164798140617466 1
gene  1 3 12 -4.344954064061259 0 86.0 -4.344954064061259 1
gene  1 1 37 -0.8475399438678226 0 117.0 -0.8475399438678226 1
gene  1 37 4 -14.746282734087611 0 118.0 -14.746282734087611 1
gene  1 1 45 5.656859892388052 0 170.0 5.656859892388052 0
gene  1 45 4 -6.6806094201917485 0 171.0 -6.6806094201917485 1
gene  1 2 45 0.17231811547947973 0 184.0 0.17231811547947973 1
gene  3 37 45 -10.101246983946593 0 229.0 -10.101246983946593 1
gene  1 1 63 -10.72360678692439 0 264.0 -10.72360678692439 1
gene  1 63 4 7.821500928578778 0 265.0 7.821500928578778 1
gene  3 12 63 3.865929211266554 0 294.0 3.865929211266554 1
gene  1 1 77 -0.5317345230352362 0 338.0 -0.5317345230352362 1
gene  1 77 45 -1.884994726381812 0 339.0 -1.884994726381812 1
gene  3 12 45 1.8448228054396372 0 706.0 1.8448228054396372 1
gene  1 2 163 3.4601562707140827 0 726.0 3.4601562707140827 1
gene  1 163 45 -1.1913724846359923 0 727.0 -1.1913724846359923 1
gene  1 45 171 1.0 0 749.0 1.0 1
gene  1 171 4 -1.399382694275042 0 750.0 -1.399382694275042 1
gene  2 2 63 -0.26752146268610444 0 880.0 -0.26752146268610444 1
genomeend 94
