genomestart  12
trait 1 0.1 0.0 0.0 0.0 0.0 0.0 0.0 0.0 
trait 2 0.2 0.0 0.0 0.0 0.0 0.0 0.0 0.0 
trait 3 1.151261093921767 0.0 0.0 1.4184737047667049 0.20136119511435402 0.0 0.0 0.0 
node 1 3 1 1
node 2 1 1 1
node 3 3 1 3
node 4 1 0 2
node 27 3 0 0
gene  1 1 4 -12.120823712500247 0 1.0 -12.120823712500247 1
gene  2 2 4 -12.193099467906142 0 2.0 -12.193099467906142 1
gene  3 3 4 -5.846905058939469 0 3.0 -5.846905058939469 1
gene  3 1 27 4.898696472583616 0 80.0 4.898696472583616 1
gene  1 27 4 26.577437856969038 0 81.0 26.577437856969038 1
gene  2 3 27 -2.117776821129688 0 109.0 -2.117776821129688 1
gene  2 2 27 5.840494136654309 0 113.0 5.840494136654309 1
genomeend 12
