genomestart  33
trait 1 0.1 0.0 0.0 0.0 0.0 0.0 0.0 0.0 
trait 2 0.2 0.0 0.0 0.0 0.0 0.0 0.0 0.0 
trait 3 1.199151331198746 0.0 0.0 0.0 0.20841105937580062 0.0 0.0 0.30695160929369625 
node 1 3 1 1
node 2 1 1 1
node 3 3 1 3
node 4 1 0 2
node 27 1 0 0
gene  1 1 4 -5.889854613832956 0 1.0 -5.889854613832956 1
gene  2 2 4 -9.827403478010739 0 2.0 -9.827403478010739 1
gene  3 3 4 -10.823312294215846 0 3.0 -10.823312294215846 1
gene  3 1 27 9.150755905707218 0 80.0 9.150755905707218 1
gene  1 27 4 22.386318632054646 0 81.0 22.386318632054646 1
gene  2 3 27 -5.081161290546689 0 109.0 -5.081161290546689 1
gene  2 2 27 5.644141046164517 0 113.0 5.644141046164517 1
genomeend 33
