genomestart  23
trait 1 0.05690637560727929 0.0 0.0 0.5295203930149014 0.6874495760107049 0.2612176252586514 0.24942653363099265 0.0037586221827266564 
trait 2 0.2 0.0 0.0 0.0 0.0 0.0 0.0 0.0 
trait 3 0.3459898992173307 0.0 0.0 0.0 0.0 0.09782773495057207 0.08357976993086841 0.07101291069219386 
node 1 1 1 1
node 2 1 1 1
node 3 1 1 3
node 4 1 0 2
node 12 1 0 0
node 86 1 0 0
gene  1 1 4 -4.732852491417997 0 1.0 -4.732852491417997 0
gene  2 2 4 -3.1649192834053617 0 2.0 -3.1649192834053617 1
gene  3 3 4 -5.847084691475431 0 3.0 -5.847084691475431 1
gene  1 1 12 3.246665087013544 0 21.0 3.246665087013544 1
gene  1 12 4 12.896438717368868 0 22.0 12.896438717368868 1
gene  3 2 12 9.769858835992137 0 36.0 9.769858835992137 1
gene  1 1 86 1.0 0 372.0 0.0 1
gene  1 86 4 -4.732852491417997 0 373.0 0.0 1
genomeend 23
