genomestart  39
trait 1 0.1 0.0 0.0 0.0 0.0 0.0 0.0 0.0 
trait 2 0.2 0.0 0.0 0.0 0.0 0.0 0.0 0.0 
trait 3 1.199151331198746 0.0 0.0 0.0 0.20841105937580062 0.0 0.0 0.30695160929369625 
node 1 3 1 1
node 2 1 1 1
node 3 3 1 3
node 4 1 0 2
node 27 1 0 0
gene  1 1 4 -7.111802438247268 0 1.0 -7.111802438247268 1
gene  2 2 4 -6.058556524982146 0 2.0 -6.058556524982146 1
gene  3 3 4 -11.939596390493929 0 3.0 -11.939596390493929 1
gene  3 1 27 6.648342958097071 0 80.0 6.648342958097071 1
gene  1 27 4 19.602626077619323 0 81.0 19.602626077619323 1
gene  2 3 27 -4.6998035824972915 0 109.0 -4.6998035824972915 1
gene  2 2 27 10.418920209259209 0 113.0 10.418920209259209 1
genomeend 39
