genomestart  167
trait 1 0.13758880872216217 0.0 0.0 0.0 0.0 0.0 0.0 0.23261439317019972 
trait 2 0.2 0.2177678020902366 0.0 0.796866821784067 0.0 0.0 0.0 0.0 
trait 3 0.6647931693886189 0.0 0.019819149010654846 0.0 0.0 0.1999730630644102 1.8123668891686484 0.0 
node 1 2 1 1
node 2 3 1 1
node 3 1 1 3
node 4 3 0 2
node 17 3 0 0
node 59 1 0 0
node 246 1 0 0
node 249 1 0 0
gene  3 1 4 -0.8356655248999629 0 1.0 -0.8356655248999629 1
gene  3 2 4 6.169102988777526 0 2.0 6.169102988777526 1
gene  3 3 4 -5.853454848618236 0 3.0 -5.853454848618236 1
gene  2 1 17 8.553130657355062 0 38.0 8.553130657355062 0
gene  3 17 4 4.456466886435052 0 39.0 4.456466886435052 0
gene  1 2 17 12.99600914486999 0 175.0 12.99600914486999 1
gene  2 2 59 -3.744174627775321 0 244.0 -3.744174627775321 1
gene  1 59 4 -14.231373545401361 0 245.0 -14.231373545401361 1
gene  1 1 59 -3.3127170185182577 0 850.0 -3.3127170185182577 1
gene  2 1 246 -2.4001040963368174 0 1064.0 -2.4001040963368174 1
gene  2 246 17 -1.267314703938184 0 1065.0 -1.267314703938184 1
gene  3 17 249 1.2997361472210849 0 1077.0 1.2997361472210849 1
gene  3 249 4 17.71163159834441 0 1078.0 17.71163159834441 1
gene  2 17 59 -0.11286112453714636 0 1183.0 -0.11286112453714636 1
gene  2 2 249 -3.796663963801134 0 1369.0 -3.796663963801134 1
genomeend 167
