genomestart  29
trait 1 0.1 0.0 0.0 0.0 0.0 0.4897354171788654 0.0 0.0 
trait 2 0.2 0.0 0.0 0.0 0.0 0.0 0.0 0.0 
trait 3 1.199151331198746 0.0 0.0 0.0 0.20841105937580062 0.0 0.0 0.30695160929369625 
node 1 3 1 1
node 2 1 1 1
node 3 3 1 3
node 4 1 0 2
node 27 1 0 0
gene  1 1 4 -9.753729476882816 0 1.0 -9.753729476882816 1
gene  2 2 4 -10.331908860549191 0 2.0 -10.331908860549191 1
gene  3 3 4 -8.025717437796546 0 3.0 -8.025717437796546 1
gene  3 1 27 4.341294201871753 0 80.0 4.341294201871753 1
gene  1 27 4 24.215731018905622 0 81.0 24.215731018905622 1
gene  2 3 27 -3.9838800255898605 0 109.0 -3.9838800255898605 1
gene  2 2 27 8.279529292773605 0 113.0 8.279529292773605 1
genomeend 29
