genomestart  161
trait 1 0.1 0.0 0.0 0.0 0.0 0.0 0.0 0.0 
trait 2 0.2 0.0 0.0 0.0 0.0 0.0 0.0 0.0 
trait 3 0.6376267350833316 0.09844934360139479 0.0 0.0 0.0 0.09098203114318726 0.3135719419243811 0.2529357440099831 
node 1 1 1 1
node 2 1 1 1
node 3 1 1 3
node 4 1 0 2
node 27 1 0 0
node 43 1 0 0
node 58 1 0 0
node 72 1 0 0
node 103 1 0 0
gene  1 1 4 2.6413705084963226 0 1.0 2.6413705084963226 0
gene  2 2 4 -1.1412366564314902 0 2.0 -1.1412366564314902 0
gene  3 3 4 -1.945193711361781 0 3.0 -1.945193711361781 1
gene  1 1 27 -7.219683593090897 0 80.0 -7.219683593090897 1
gene  1 27 4 -0.3906544202605297 0 81.0 -0.3906544202605297 1
gene  2 3 27 -1.714430556703233 0 109.0 -1.714430556703233 1
gene  2 2 27 22.09243476613744 0 113.0 22.09243476613744 1
gene  2 2 43 4.019578889620685 0 157.0 4.019578889620685 1
gene  2 43 4 11.425342808129379 0 158.0 11.425342808129379 1
gene  1 1 43 1.1107318191554443 0 224.0 1.1107318191554443 1
gene  1 1 58 3.0064463207559577 0 242.0 3.0064463207559577 1
gene  1 58 4 -0.8319149800074075 0 243.0 -0.8319149800074075 0
gene  1 58 43 -8.349721924319528 0 288.0 -8.349721924319528 1
gene  1 1 72 2.548878904004873 0 318.0 2.548878904004873 1
gene  1 72 4 1.2814218593284674 0 319.0 1.2814218593284674 1
gene  3 27 72 -10.811501307001764 0 411.0 -10.811501307001764 1
gene  3 58 72 -2.3171564952178376 0 439.0 -2.3171564952178376 1
gene  1 58 103 1.567879608067793 0 451.0 1.567879608067793 1
gene  1 103 4 1.264074977634151 0 452.0 1.264074977634151 1
gene  2 2 58 -2.5837581618355463 0 585.0 -2.5837581618355463 1
genomeend 161
