genomestart  14
trait 1 0.1 0.0 0.0 0.0 0.0 0.0 0.0 0.0 
trait 2 0.2 0.0 0.0 0.0 0.0 0.0 0.0 0.0 
trait 3 1.151261093921767 0.9021635001204442 0.0 1.8712447135765358 0.20136119511435402 0.6770106130255893 0.9383171845598152 0.0 
node 1 3 1 1
node 2 1 1 1
node 3 3 1 3
node 4 1 0 2
node 27 3 0 0
gene  1 1 4 -12.65522391421725 0 1.0 -12.65522391421725 1
gene  2 2 4 -14.435268143533408 0 2.0 -14.435268143533408 1
gene  3 3 4 -5.94552315408922 0 3.0 -5.94552315408922 1
gene  3 1 27 6.204614611725405 0 80.0 6.204614611725405 1
gene  1 27 4 25.184132678688652 0 81.0 25.184132678688652 1
gene  2 3 27 -3.554874471239485 0 109.0 -3.554874471239485 1
gene  2 2 27 7.61195661400453 0 113.0 7.61195661400453 1
genomeend 14
