genomestart  76
trait 1 0.24752282297412978 0.0 0.0 0.6748884887868558 0.025071082154728298 0.004405795074528471 0.25232841527737 0.4736968391097336 
trait 2 0.2 0.0 0.0 0.0 0.0 0.0 0.0 0.0 
trait 3 0.34758106760543034 0.0 0.0 0.0 0.0 0.10121239988747802 0.08647148072088728 0.07346983059337467 
node 1 1 1 1
node 2 3 1 1
node 3 3 1 3
node 4 1 0 2
node 12 1 0 0
node 37 1 0 0
node 45 1 0 0
node 63 2 0 0
node 77 1 0 0
node 163 1 0 0
node 171 1 0 0
gene  1 1 4 0.05280568716283501 0 1.0 0.05280568716283501 0
gene  2 2 4 -4.3577179794020715 0 2.0 -4.3577179794020715 1
gene  3 3 4 0.05026377511620017 0 3.0 0.05026377511620017 1
gene  1 1 12 2.6960932175694556 0 21.0 2.6960932175694556 1
gene  1 12 4 1.9922503323534064 0 22.0 1.9922503323534064 1
gene  3 2 12 6.697424756488038 0 36.0 6.697424756488038 1
gene  1 3 12 -3.137004557286883 0 86.0 -3.137004557286883 1
gene  1 1 37 -2.138154857660058 0 117.0 -2.138154857660058 1
gene  1 37 4 -10.655172106808973 0 118.0 -10.655172106808973 1
gene  1 1 45 1.001519845909666 0 170.0 1.001519845909666 0
gene  1 45 4 -6.111742856018687 0 171.0 -6.111742856018687 1
gene  1 2 45 0.4399184270446408 0 184.0 0.4399184270446408 1
gene  3 37 45 -6.467657571406023 0 229.0 -6.467657571406023 1
gene  1 1 63 -12.21641603174098 0 264.0 -12.21641603174098 1
gene  1 63 4 9.46193314272005 0 265.0 9.46193314272005 1
gene  3 12 63 2.4462322859519676 0 294.0 2.4462322859519676 1
gene  1 1 77 0.5188553997904637 0 338.0 0.5188553997904637 1
gene  1 77 45 -5.1288468342272395 0 339.0 -5.1288468342272395 1
gene  3 12 45 0.40677857636743203 0 706.0 0.40677857636743203 1
gene  1 2 163 2.074082941932496 0 726.0 2.074082941932496 1
gene  1 163 45 -1.331381648174868 0 727.0 -1.331381648174868 1
gene  1 45 171 0.37438078255589646 0 749.0 0.37438078255589646 1
gene  1 171 4 -0.45727391712457516 0 750.0 -0.45727391712457516 1
gene  2 2 63 -0.0041285791161516094 0 880.0 -0.0041285791161516094 1
genomeend 76
