genomestart  43
trait 1 0.1 0.0 0.0 0.0 0.0 0.0 0.0 0.0 
trait 2 0.2 0.001165001264347714 0.0 9.445449360209039E-4 0.0 0.0 0.0 0.005714890820079064 
trait 3 1.19844728968534 0.01559748355522354 0.08541981029900259 0.009304699471102452 0.10420552968790031 0.05951615634633839 0.4560246427700894 0.6505810164574272 
node 1 3 1 1
node 2 1 1 1
node 3 3 1 3
node 4 1 0 2
node 27 1 0 0
gene  1 1 4 -2.461664374449831 0 1.0 -2.461664374449831 1
gene  2 2 4 -16.1602713274227 0 2.0 -16.1602713274227 1
gene  1 3 4 -6.279568879157378 0 3.0 -6.279568879157378 1
gene  3 1 27 8.07735075550648 0 80.0 8.07735075550648 1
gene  1 27 4 23.50251457116406 0 81.0 23.50251457116406 1
gene  2 3 27 -0.8648585484223335 0 109.0 -0.8648585484223335 1
gene  2 2 27 7.65208239510255 0 113.0 7.65208239510255 1
genomeend 43
