genomestart  15
trait 1 0.1 0.0 0.0 0.0 0.0 0.0 0.0 0.0 
trait 2 0.2 0.0 0.0 0.0 0.0 0.0 0.0 0.0 
trait 3 1.151261093921767 0.0 0.0 1.4184737047667049 0.20136119511435402 0.0 0.0 0.0 
node 1 3 1 1
node 2 1 1 1
node 3 3 1 3
node 4 1 0 2
node 27 3 0 0
gene  1 1 4 -13.517361615814933 0 1.0 -13.517361615814933 1
gene  2 2 4 -10.06493161364661 0 2.0 -10.06493161364661 1
gene  3 3 4 -6.046316608363033 0 3.0 -6.046316608363033 1
gene  2 1 27 8.030066218035248 0 80.0 8.030066218035248 1
gene  1 27 4 27.530492262256413 0 81.0 27.530492262256413 1
gene  2 3 27 -1.9521655175683197 0 109.0 -1.9521655175683197 1
gene  2 2 27 7.329065817527793 0 113.0 7.329065817527793 1
genomeend 15
